/*--------------------------------*- C++ -*----------------------------------*\
| =========                 |                                                 |
| \\      /  F ield         | OpenFOAM: The Open Source CFD Toolbox           |
|  \\    /   O peration     | Version:  2506                                  |
|   \\  /    A nd           | Website:  www.openfoam.com                      |
|    \\/     M anipulation  |                                                 |
\*---------------------------------------------------------------------------*/
FoamFile
{
    version     2.0;
    format      ascii;
    arch        "LSB;label=32;scalar=64";
    class       faceSet;
    location    "constant/polyMesh/sets";
    object      nonOrthoFaces;
}
// * * * * * * * * * * * * * * * * * * * * * * * * * * * * * * * * * * * * * //


658
(
61664
61666
61667
61669
61670
61672
61679
61680
61681
61683
61685
61686
61688
61695
61696
59648
61697
59649
61698
59650
61699
59651
61700
59652
59653
61702
59654
61705
59659
61708
59660
59661
59662
61711
59664
20752
59665
61714
59667
20755
59668
20756
20757
20760
59674
59676
59677
59678
61727
59679
20767
20768
59681
59683
20771
59684
61733
59688
61737
59692
20780
61741
59693
20781
59694
59695
20784
59697
20785
59698
59700
20788
61749
61751
61752
20792
61753
59705
61754
20796
59710
61759
20801
61763
59715
61764
61765
61766
59718
59719
61768
59721
61770
59722
61773
59725
61774
20814
59729
59731
20819
59732
59733
59734
59736
59739
59743
59744
59745
59746
20835
59748
20836
20837
20838
59751
59755
59756
59757
59758
20850
20851
20853
20854
20856
20858
35392
35396
35397
35400
35401
35404
35405
35415
35416
35417
35420
35424
35425
35428
35429
35438
35440
35441
35444
35445
35448
35452
35453
55936
35458
55939
55941
55943
55944
35464
35465
35468
35469
55951
55952
35472
35473
35476
55959
35484
55968
35491
55977
35497
35501
35502
35504
35505
55988
55989
35510
55992
55995
35515
55998
35518
35519
111296
45760
35520
45761
35521
45762
111299
45763
56004
45764
35524
111301
45765
111302
45766
111305
35529
45771
45772
45773
45774
35534
111311
56015
45775
35535
111312
45776
45777
35537
45778
35538
66259
56019
35540
56021
111318
66262
45783
35543
45784
66265
56025
45785
45786
45787
35547
45788
35548
45789
35549
45790
35550
56031
45793
56034
111332
56036
45796
111333
66277
45797
45798
66279
45799
111336
45800
66281
45801
66282
45802
111339
66283
66284
45806
111343
56047
17136
56049
45810
111347
66291
56052
17140
66293
17142
66295
45815
17143
111352
66296
66297
45818
66299
56059
45819
17147
66300
111357
45821
56062
45822
66304
45825
17155
17156
66309
45829
45831
66312
45832
66313
45833
111370
45834
17162
66315
66316
45836
66318
111375
45839
45843
45844
66325
45845
45846
45848
17176
17177
45850
66331
45852
45853
17181
45854
45855
17184
111394
111395
111396
111397
66341
17189
66342
66344
66345
17194
66349
111407
111408
17200
111409
66353
111410
111412
66356
66357
17206
111415
66360
66365
66370
66374
17222
66378
17227
66380
66381
66382
66383
17246
17247
17248
17249
17262
17263
17265
17266
17268
17271
50128
50131
50132
50135
50136
50138
50139
50147
50148
50149
50152
50156
50157
50160
50161
50170
50172
50173
50175
50176
50179
50182
50183
50187
50192
50193
50195
50196
50199
50200
50202
50209
50215
50221
50225
50226
50228
50229
50234
50239
50242
50243
50244
50245
50248
50251
50255
50256
50257
50258
50260
50263
50267
50268
50269
50270
19584
19587
19588
19589
19592
19599
19600
19603
19612
19613
19616
19617
19620
19624
19628
19633
19646
19651
19667
19668
19669
19670
19682
19683
19685
19686
19688
19690
60758
60761
60777
60779
34160
34164
60789
34165
60792
34168
60793
34169
60795
60796
34172
34173
60800
60805
34183
34184
60809
34185
60811
60812
34188
60814
34192
34193
34196
60821
34197
60827
34206
34208
34209
34212
34213
60838
60840
34216
34220
60845
34221
34226
60852
60853
60856
34232
34233
34236
34237
34240
34241
60866
34244
60870
60874
60876
34252
60879
34259
34265
34269
34270
62944
34272
34273
62946
62947
62949
34278
62952
34283
34286
62959
34287
62960
34288
62961
34289
62962
62964
34292
62966
34297
62971
62972
34302
62975
34303
34305
34306
34308
34311
34315
62988
34316
34317
34318
62991
63011
63014
63018
63025
63027
63030
63037
63043
63045
63048
63053
63054
20112
20115
20116
20117
20120
20127
20128
20131
20140
20141
20144
20145
20148
20152
20156
20161
20174
32464
32467
20179
32468
32471
32474
32475
32483
20195
32484
20196
32485
20197
20198
32487
32491
32494
32495
20210
20211
20213
32502
20214
32504
20216
20218
32508
32516
32528
32529
32531
32532
32535
32538
32544
32555
32558
32559
10032
32561
32562
10035
10037
32566
10038
10041
32571
32574
10047
10048
32577
32580
10054
32585
32591
32593
32596
10068
10069
10072
32603
10075
32604
32605
32606
10079
10083
10088
10093
10106
10111
10130
10131
10132
10133
10143
10144
10145
10146
10148
10151
)


// ************************************************************************* //
