/*--------------------------------*- C++ -*----------------------------------*\
| =========                 |                                                 |
| \\      /  F ield         | OpenFOAM: The Open Source CFD Toolbox           |
|  \\    /   O peration     | Version:  2506                                  |
|   \\  /    A nd           | Website:  www.openfoam.com                      |
|    \\/     M anipulation  |                                                 |
\*---------------------------------------------------------------------------*/
FoamFile
{
    version     2.0;
    format      ascii;
    arch        "LSB;label=32;scalar=64";
    class       cellSet;
    location    "constant/polyMesh/sets";
    object      underdeterminedCells;
}
// * * * * * * * * * * * * * * * * * * * * * * * * * * * * * * * * * * * * * //


280
(
50176
49152
48128
48129
50178
49154
48136
48137
46089
45065
43017
46090
45066
43018
50192
49168
46097
45073
43025
50194
49170
46098
45074
43026
50240
49216
50241
49217
50248
49224
50249
49225
48201
44105
43081
44106
43082
48203
44113
43089
44114
43090
48217
48219
45184
44160
45185
44163
45192
45193
43154
43155
44184
43162
44187
43163
46281
43209
46283
43211
50386
47314
50387
47315
46297
43225
50394
47322
50395
47323
46299
43227
49408
47360
43264
47361
49410
43266
47368
59657
50441
47369
59659
50443
49424
43280
49426
43282
59673
50457
59675
50459
49472
49474
47433
46409
44361
43337
46410
43338
47435
44363
49488
46417
43345
59730
49490
46418
43346
59731
47449
44377
59738
59739
47451
44379
50560
46464
50562
46466
51593
45449
43401
45450
43402
51595
50576
46480
45457
43409
50578
47506
46482
45458
43410
47507
51609
47514
51611
47515
47552
46528
47553
46529
47560
46536
47561
46537
45513
45514
45521
58834
45522
58835
58842
58843
45568
45570
59913
59915
45584
46610
45586
46611
59929
46618
59931
46619
50752
44608
44610
50755
48713
47689
46665
48714
47690
46666
44624
48721
47697
46673
58962
48722
47698
46674
45650
44626
58963
45651
50776
58970
45658
58971
50779
45659
48768
46720
48770
46722
48784
46736
48786
46738
48832
48834
48848
59090
48850
46802
59091
46803
59098
46810
59099
46811
43776
43779
46857
46859
43800
46873
46875
43803
45888
45890
47945
47946
45904
47953
47954
45906
45952
43904
45953
43906
45960
45961
44937
44938
43920
44945
49042
46994
44946
43922
49043
46995
49050
47002
49051
47003
49088
48064
47040
42944
49089
47041
42945
48066
49096
47048
42952
51145
49097
47049
46025
42953
51146
46026
48080
51153
46033
51154
50130
48082
46034
50131
50138
50139
)


// ************************************************************************* //
