/*--------------------------------*- C++ -*----------------------------------*\
| =========                 |                                                 |
| \\      /  F ield         | OpenFOAM: The Open Source CFD Toolbox           |
|  \\    /   O peration     | Version:  2506                                  |
|   \\  /    A nd           | Website:  www.openfoam.com                      |
|    \\/     M anipulation  |                                                 |
\*---------------------------------------------------------------------------*/
FoamFile
{
    version     2.0;
    format      ascii;
    arch        "LSB;label=32;scalar=64";
    class       faceSet;
    location    "constant/polyMesh/sets";
    object      nonOrthoFaces;
}
// * * * * * * * * * * * * * * * * * * * * * * * * * * * * * * * * * * * * * //


622
(
17409
83976
17423
83985
17425
83987
17428
83989
83990
83994
19488
19493
17446
84007
84009
19497
19501
84014
19511
19512
17466
84028
68673
68677
17481
84044
19532
68685
17485
68686
84047
68688
17488
68689
68690
17493
68695
68698
17498
68701
19552
16480
16482
16483
68709
68710
17510
16486
68711
16488
68713
16489
68714
68718
16495
16496
16497
16499
17526
16503
68730
16506
68731
16507
68733
19581
68734
68737
16514
16516
68741
16519
68748
16526
68751
17551
17552
1168
19602
1171
1172
19605
1174
1175
16536
16537
16538
1178
16539
68764
68765
68766
17566
16542
68767
16544
17570
19619
1187
1188
19621
16549
1189
82087
17575
1191
19624
1193
1194
1196
16559
16562
16563
1203
1204
82101
16565
1205
16566
1207
1208
1209
16570
1212
16575
1216
16578
82115
1220
16581
16584
1224
16587
1227
82125
82128
16592
16593
82130
82132
16596
82137
16603
1243
16604
16605
16606
1249
1253
82151
82153
1257
82157
1265
1267
1268
1269
1270
82168
1277
56576
56578
1282
56579
1283
56580
56581
1285
1286
56583
56584
1288
1290
82188
1293
1294
82191
56591
56592
1296
56593
56594
56595
1299
56596
1300
56597
56598
13590
1302
1303
1306
56603
56604
56605
56607
56608
56609
56611
1315
56612
1316
1317
68903
1319
56616
1321
13610
1322
56620
1324
56621
56623
56624
56625
56626
1331
56628
1332
68917
1333
1335
1336
56633
13625
1337
1340
13629
56638
13632
1344
68931
56643
1348
13637
56646
56647
1352
56649
56650
13642
1355
68941
56653
68944
56657
68946
56659
68948
56660
56661
56662
13654
56664
68953
1371
56669
1377
56674
56675
56677
1381
56678
13670
68967
56680
68969
1385
56682
56684
68973
56685
56686
56687
1393
1395
1396
1397
1398
68984
1405
13695
13696
1410
1411
1413
1414
1416
1418
69004
1421
13710
1422
69007
9616
13714
9620
9622
13719
9623
9627
9635
9636
9642
9656
9657
9661
9664
9669
9674
11728
9680
86485
11733
9686
11736
11737
11741
86497
9702
11751
11752
9707
86509
11760
86517
86519
86521
86522
86526
9726
9727
11776
9728
11777
9729
11781
11784
86539
86541
11789
9742
9743
86545
9745
11794
9746
9748
9751
11800
86556
11808
86572
86575
11827
11833
13888
13893
13897
13901
11854
11855
11856
11857
13911
19032
13912
11870
11871
11873
11874
11876
11879
69224
13932
69229
19056
69242
69248
13952
4736
19073
4740
19077
4743
19080
4746
19085
69262
8848
19090
4755
4756
69269
8853
69273
8857
69275
13981
8861
69278
69280
19104
4772
69285
8871
8872
14002
69299
19123
4788
69301
14005
69305
69306
69310
8896
69313
14019
14021
69320
14024
19151
19152
14032
4817
14037
82648
8920
14041
69339
14045
69342
19166
47840
47842
19170
47843
4835
69348
47845
47846
4838
19175
14055
82664
47848
14056
47849
47855
47856
19184
47857
47859
4851
69364
19189
4853
47862
47863
82680
4856
19193
8953
47866
47867
19197
14080
82689
69377
47874
82691
69380
47876
82693
47877
82694
69382
47879
19207
47880
19208
82698
69386
47883
47886
8974
69391
47887
8977
47891
82711
47896
14104
82713
47897
69402
47898
47899
19228
47901
82718
47902
8991
47904
11040
8993
11044
8996
47909
11046
11047
69418
47914
11051
82732
47919
19248
47922
47923
11059
11060
47925
47926
14137
47930
11066
82748
82751
47935
69440
69441
47938
47939
47940
47941
47944
11080
11081
47947
19277
11085
69454
14158
47951
47952
11088
47953
14161
69458
47954
47956
11093
69463
47959
11098
47963
47964
47965
47966
14175
11104
14177
19298
14180
19301
11110
67434
19315
19317
11126
19320
11131
67452
17280
17285
17289
17293
67470
11150
11151
11152
11153
78741
17303
17304
67481
67484
67486
11166
11167
67488
78753
11169
11170
11172
67493
11175
78765
17328
67507
78773
67509
78775
78777
78778
67514
78782
67528
17352
78795
78797
78801
78812
67548
67551
83944
17385
78828
78831
83960
17406
)


// ************************************************************************* //
