/*--------------------------------*- C++ -*----------------------------------*\
| =========                 |                                                 |
| \\      /  F ield         | OpenFOAM: The Open Source CFD Toolbox           |
|  \\    /   O peration     | Version:  2506                                  |
|   \\  /    A nd           | Website:  www.openfoam.com                      |
|    \\/     M anipulation  |                                                 |
\*---------------------------------------------------------------------------*/
FoamFile
{
    version     2.0;
    format      ascii;
    arch        "LSB;label=32;scalar=64";
    class       cellSet;
    location    "constant/polyMesh/sets";
    object      underdeterminedCells;
}
// * * * * * * * * * * * * * * * * * * * * * * * * * * * * * * * * * * * * * //


256
(
26624
25600
25602
26627
26121
21513
26122
21514
25616
26129
21521
27154
26130
25618
21522
27155
26648
27162
27163
26651
27200
25664
25152
27202
25154
25667
26697
26185
21577
26698
26186
21579
27216
25168
26705
26193
27218
26706
26194
25170
25688
21593
25691
21595
25728
25216
24192
21632
25217
24193
25730
21634
25224
24200
27273
26761
26249
25225
24201
23177
26250
23178
27275
26763
25744
21648
26257
23185
26258
25746
23186
21650
27289
26777
27291
26779
25280
23232
22208
19136
25281
23233
19137
22210
25288
23240
19144
26313
25289
24265
23241
21193
19657
19145
26314
24266
21194
19658
22224
26321
24273
21201
19665
26834
26322
25810
24274
22226
21202
19666
18642
26835
25811
18643
26842
25818
18650
26843
25819
18651
27904
26368
23296
22272
21248
19712
26369
22273
27906
21250
19714
23299
26376
22280
27401
26889
26377
25865
24329
22281
19209
18697
27402
26890
25866
24330
19210
18698
27920
21264
19728
27409
26897
25873
24337
19217
18705
27922
27410
26898
25874
25362
24338
21266
19730
19218
18706
25363
23320
25370
25371
23323
26944
26432
23360
23361
26947
26435
23368
27465
25929
24393
23369
18761
25930
24394
18762
27467
25937
24401
18769
27986
25938
24402
18770
27987
26968
26456
27481
27994
27995
27483
26971
26459
23936
23937
23944
27017
24457
23945
27018
24459
27025
27026
26514
26002
18834
26515
26003
18835
24473
26522
26010
18842
26523
26011
24475
18843
26048
25536
24512
24000
21440
24001
25538
24514
21442
26051
24008
27081
24009
27082
25552
24528
21456
27089
27090
26578
25554
24530
21458
26579
26072
26586
26587
26075
)


// ************************************************************************* //
