/*--------------------------------*- C++ -*----------------------------------*\
| =========                 |                                                 |
| \\      /  F ield         | OpenFOAM: The Open Source CFD Toolbox           |
|  \\    /   O peration     | Version:  2506                                  |
|   \\  /    A nd           | Website:  www.openfoam.com                      |
|    \\/     M anipulation  |                                                 |
\*---------------------------------------------------------------------------*/
FoamFile
{
    version     2.0;
    format      ascii;
    arch        "LSB;label=32;scalar=64";
    class       faceSet;
    location    "constant/polyMesh/sets";
    object      nonOrthoFaces;
}
// * * * * * * * * * * * * * * * * * * * * * * * * * * * * * * * * * * * * * //


698
(
5123
5129
47120
47123
47124
47127
47128
47130
47131
5150
5151
5152
5153
47139
47140
47141
47144
47147
47148
47150
5166
47151
5167
5169
5170
5172
47159
5175
47160
47161
47163
47164
47166
47168
47169
47172
47176
47177
47179
47180
47182
47183
47184
47190
47195
3168
47201
3172
47205
47206
3175
47208
3176
47209
3179
47214
2160
47219
3187
3188
2165
47222
47223
47224
2168
47225
2169
47228
3196
2173
47231
47235
47236
47237
47238
2183
47240
2184
47242
47244
3212
47245
3213
47246
47247
2191
3216
3219
3223
3227
2204
2205
3232
2209
2211
3239
2215
2219
2224
3255
2231
3261
2247
2253
3282
3283
3284
3285
3295
3296
3297
3298
2274
2275
3300
2276
2277
4327
3303
2290
2291
2293
2294
2296
2298
4348
2304
2309
2312
2313
4365
2317
4368
4371
4375
2327
2328
4379
2336
4391
2352
2353
9522
9525
2357
4407
2360
2365
9537
2370
9539
9541
9542
2376
9545
9551
2384
9553
9555
4435
9556
4436
9558
9561
9564
4447
9570
4450
2403
9572
4455
2409
9582
9590
9594
2430
2431
8576
2432
2433
9603
8580
8582
9607
8583
9608
8587
2446
9615
2447
2449
2450
9619
8595
8596
2452
9622
2455
9626
8602
9629
9630
9632
9637
8616
9641
8617
9645
8621
8624
8629
9655
9656
8634
8640
8646
9680
8662
8667
9704
8686
8687
8688
8689
5624
8702
8703
3584
8705
8706
8708
3589
8711
3592
9737
3593
3597
5648
3607
3608
9758
3615
9761
5665
5669
5672
3628
5677
3629
9775
7728
9777
3633
7730
5682
3635
9780
7732
7734
3639
7739
3643
7740
5696
3648
3655
7756
5715
3671
19032
7772
3677
6752
6756
614
6759
19048
6763
5743
5744
3698
7795
6771
3699
6772
3700
3701
19064
5758
19073
5762
3714
19075
7811
3715
4740
19077
3717
19078
7814
3718
5767
6792
4744
3720
19082
3722
23184
7824
7825
7828
23189
662
19095
23192
23193
19097
4761
4764
23197
19102
4767
6816
4768
4771
23207
23208
4779
19116
4781
686
23215
4784
4785
4787
4791
6843
4795
23228
19132
23229
19135
23233
19138
23235
4804
23239
4807
23243
6862
23248
19153
6865
19154
19156
19158
726
23255
4823
728
19163
733
19167
6879
80608
60128
6881
4833
80610
80611
60132
6884
60133
4837
80614
23271
80616
60136
80617
60137
60140
80621
60141
23277
80623
19183
4847
80624
752
80625
80627
4851
4852
756
757
80631
60151
60152
760
60153
761
80634
80635
60156
4861
765
60159
80640
60160
80642
60162
23298
4866
60163
23299
80644
23300
23301
19206
4870
80647
775
776
777
19210
4874
60171
60172
780
60173
4877
80654
4878
60176
784
60177
19217
785
23314
60179
23315
80661
23317
789
60182
23318
60183
80664
23320
80665
80666
23322
80667
60187
19229
80670
798
80672
60192
800
60193
801
60196
804
80677
60197
805
60199
60200
808
60202
19245
813
19246
80687
60209
80690
818
80691
80693
80694
60215
824
80697
80698
828
60221
80702
80703
832
80705
60225
80706
60226
60228
80709
60229
80712
60234
80715
60239
80720
80721
60242
60243
851
80724
60244
60245
60248
857
80731
80732
80733
60253
861
80734
10080
80737
865
60258
10082
60259
10083
80741
60261
10085
60262
10086
60264
10088
10089
60266
875
60268
80749
60269
80750
60270
878
60271
10095
879
60272
10096
880
80753
10097
881
80755
10099
80756
60276
60277
10102
10103
60280
60281
889
80762
10106
10107
60284
60285
80766
894
895
897
10114
898
80771
10116
900
10117
60295
10119
903
60296
10120
60297
10123
60300
908
80781
909
80782
10126
80783
60303
10127
60304
80786
60306
60307
10131
80788
10136
80793
10137
10138
60315
10139
60316
60317
10141
10142
60320
10144
5024
60321
60323
10149
5029
80806
60326
80807
60327
5032
80809
5033
80810
10154
60331
80813
5037
10159
60336
80817
60337
10162
10163
60340
60341
10165
10166
60343
5047
80824
60344
5048
60346
10170
80827
10175
5056
60353
10178
10179
10180
10181
60359
10184
80843
10187
80844
80845
60365
80846
10191
10192
5072
60369
10193
5073
60370
10194
60372
10196
60373
5077
10199
5080
60378
10203
10204
10205
5085
10206
60383
60386
5090
60387
60388
60389
60392
5096
60397
5104
60402
60403
60405
60406
60408
60410
60412
60413
60414
60415
)


// ************************************************************************* //
