/*--------------------------------*- C++ -*----------------------------------*\
| =========                 |                                                 |
| \\      /  F ield         | OpenFOAM: The Open Source CFD Toolbox           |
|  \\    /   O peration     | Version:  2506                                  |
|   \\  /    A nd           | Website:  www.openfoam.com                      |
|    \\/     M anipulation  |                                                 |
\*---------------------------------------------------------------------------*/
FoamFile
{
    version     2.0;
    format      ascii;
    arch        "LSB;label=32;scalar=64";
    class       cellSet;
    location    "constant/polyMesh/sets";
    object      underdeterminedCells;
}
// * * * * * * * * * * * * * * * * * * * * * * * * * * * * * * * * * * * * * //


296
(
36352
33280
32768
30720
33281
32769
30721
36355
33288
32776
30728
37897
33289
32777
30729
37898
37905
37906
36376
36379
37440
33344
30784
30785
37442
33346
30792
36937
36425
30793
36938
36426
37456
33360
36945
36433
37458
36946
36434
33362
31826
31827
31834
31835
36992
33408
31872
30336
26240
33410
31874
36995
30339
26243
35465
34441
32393
29321
29322
35467
34443
32395
33424
31888
29329
37522
36498
34962
33426
31890
29330
37523
36499
34963
37016
30360
26264
35481
34457
32409
37530
36506
34970
37531
37019
36507
35483
34971
34459
32411
30363
26267
37056
34496
33984
32448
31936
27840
34497
31937
37058
33986
32450
27842
34504
31944
37577
34505
31945
30409
29385
37578
30410
29387
37072
34000
32464
27856
37585
30417
37586
37074
34002
32466
30418
27858
29401
29403
35584
34560
34048
33536
34561
35586
34050
33538
41733
41734
34568
37129
35081
34569
33033
32009
31497
30473
27401
26377
35082
32010
31498
30474
26378
37131
33035
27403
41741
41742
35600
34064
33552
35089
32017
31505
30481
26385
35602
35090
34066
33554
32018
31506
30482
26386
41749
41750
37145
33049
27417
37147
33051
27419
41757
41758
41764
41767
41768
41769
41770
41771
41776
41777
41778
41779
41789
41790
34624
33088
34625
33090
34632
34633
31561
30537
31562
30538
33104
31569
30545
34130
33106
31570
30546
28498
34131
28499
34138
28506
34139
28507
38272
34176
38273
34178
1412
1415
38280
38281
36745
30601
36746
30602
1420
1423
34192
36753
30609
36754
34194
31634
30610
31635
1428
1431
31642
31643
1436
1439
1440
1441
1442
1443
1452
1455
1461
1462
1464
1465
1466
1467
37312
35776
33728
31680
28608
35777
31681
37314
33730
28610
35784
31688
38345
35785
33225
31689
33226
38347
37328
33744
28624
33233
37330
36818
33746
33234
30674
28626
36819
30675
38361
36826
30682
38363
36827
30683
)


// ************************************************************************* //
