/*--------------------------------*- C++ -*----------------------------------*\
| =========                 |                                                 |
| \\      /  F ield         | OpenFOAM: The Open Source CFD Toolbox           |
|  \\    /   O peration     | Version:  2506                                  |
|   \\  /    A nd           | Website:  www.openfoam.com                      |
|    \\/     M anipulation  |                                                 |
\*---------------------------------------------------------------------------*/
FoamFile
{
    version     2.0;
    format      ascii;
    arch        "LSB;label=32;scalar=64";
    class       faceSet;
    location    "constant/polyMesh/sets";
    object      nonOrthoFaces;
}
// * * * * * * * * * * * * * * * * * * * * * * * * * * * * * * * * * * * * * //


798
(
44032
21504
9216
19457
9217
6146
66563
44035
19460
66565
44037
19461
44038
21510
66568
44040
19464
6152
19466
8203
66572
9230
66575
44047
44048
6160
19473
9234
21524
44053
21525
9239
21528
21531
21535
44064
44065
19489
19490
44067
21539
6179
44068
19492
8228
19493
8229
44070
21544
44073
6185
19498
44076
21549
19503
8239
44082
8242
7222
8247
19512
21562
19517
6206
44095
21567
6207
6208
5184
6209
44101
5189
5192
5193
7242
19532
19533
5197
19534
6222
19535
6223
6225
21586
6226
21587
21588
6228
21589
44119
6231
5207
44120
5208
44121
7257
44122
7260
7262
21599
21600
5216
21601
21602
7266
44131
44132
21604
44133
44134
21607
7271
44136
44138
5232
5233
7284
5237
5240
5245
5250
7303
5256
5264
7328
7329
5283
5289
7342
1200
7346
1205
7351
1208
1209
9402
1213
5310
5311
5312
5313
1223
1224
9420
5326
5327
1231
5329
5330
5332
5335
1244
1245
9438
44256
1249
44258
44259
1251
44260
44262
1255
9449
44267
1259
44268
9452
9454
44272
9456
1264
9461
1271
44284
44285
44287
4352
44289
9475
44292
4356
9477
4359
1287
44296
4360
9482
4363
44300
1293
44305
4371
4372
9496
4380
44318
1314
44323
1315
1316
1317
9516
4396
4397
9519
4400
1330
44339
4403
1331
44340
44341
1333
44342
1334
4407
16696
1336
1338
4411
44351
44352
4416
1344
44353
44354
44356
1349
44359
4423
16712
11592
1352
1353
1357
44370
4439
1367
44376
16728
1368
11610
4445
1376
44385
16737
44387
16739
16741
44390
16742
44392
44393
16746
11630
44399
5488
1392
1393
4466
44403
4467
4468
5493
4469
1397
16759
44408
5496
1400
16761
11641
5497
11643
5501
1405
16766
11646
4479
11648
4480
44417
4481
44418
4482
1410
72067
44419
4484
44421
11653
44422
5511
4487
5512
1416
44426
16780
5520
4496
1424
11667
4500
72085
11669
44438
44439
4503
72088
4504
44441
44442
11674
4507
72092
16796
44446
72095
16799
5536
5537
44451
4515
1443
4516
5541
72103
11688
5544
1449
72107
4523
44460
5549
44463
5554
5560
4536
4537
72123
11707
44476
4540
44477
44478
11710
4542
1470
44479
1471
5568
1472
4545
1473
4548
44485
4552
11722
4558
1486
1487
1489
1490
5587
1492
72149
44501
1495
72153
5593
4571
11742
44513
4577
72163
44516
44518
44521
44524
5614
72175
5615
14832
11760
5616
5617
44532
14837
4598
4599
14840
4600
14841
11769
4601
11772
72189
14845
72190
44542
5630
11775
5631
11776
5633
5634
4611
5636
4612
4613
11782
4614
14855
5639
14856
4616
4618
14864
88594
11798
44567
88600
44568
11800
11806
14880
88609
14881
88611
44579
14885
88614
44582
88616
14888
88617
44586
11820
14893
88623
44592
14898
88627
44595
44597
44598
88632
44600
14904
11836
44607
11839
44608
14912
88641
88642
88643
88645
44613
88646
88650
79440
44624
44625
79442
79443
44627
14931
79444
44628
88662
79446
44630
88663
88665
44633
14937
88666
79451
79452
44636
88670
79455
44642
88675
23143
79464
79465
79467
88684
79468
79470
14958
88687
44655
14959
14960
79473
14961
79476
44661
79480
88700
23164
88701
88702
14974
88703
14975
14977
79490
14978
14980
79495
44679
14983
44680
44681
44682
10890
23181
23184
44691
23187
44692
44693
44694
79511
23191
79512
44696
79513
79514
44698
23195
10910
44704
79523
44707
79524
79525
44709
79526
44710
23207
79528
44712
79530
44719
44720
10928
44725
23223
10937
10940
10943
44736
10944
44737
44739
44740
44742
10950
44745
44748
44754
23251
23252
10966
10968
10974
44767
23263
23266
44773
23271
10988
44791
44792
44793
44794
11004
11007
44803
44804
44805
44806
11014
44808
44810
8976
6928
44818
8979
6932
6933
8982
44824
8984
11033
6937
6941
8991
76576
8992
44833
76578
44835
76580
11045
76582
44838
6951
44840
11048
6952
44841
11049
6953
76587
76588
11052
6956
44847
11056
6961
44851
9012
6965
76600
44856
11067
6974
8000
6976
44865
44866
44867
8003
76612
9028
6980
44869
8005
44870
8008
44874
11083
8015
8016
44886
76631
44887
7000
44889
44890
7004
44894
8032
9057
44899
11108
11109
76647
76650
44908
44911
11122
9075
76660
8052
76661
11126
9078
76664
7033
11130
44924
44925
7037
44926
44927
9088
9089
7041
9092
7051
7054
8079
66448
7057
43922
66452
9110
66455
43927
66457
7065
66458
8095
7071
43937
7073
43938
8098
66467
66468
43940
7076
43941
43942
9130
66475
43947
7084
7085
43951
8111
8113
43955
66484
8116
9145
66491
9148
43965
9150
43967
43968
6080
43970
9154
66500
43972
19396
66501
8133
6085
9159
6088
66505
43977
6089
66508
19404
6093
66510
9172
66517
43990
8150
43991
6103
6104
43993
19417
43994
19420
43997
19424
6112
66529
44001
19426
19427
8165
66534
9191
8167
66536
44008
8169
19435
8172
66541
44013
21488
19440
8176
6128
6129
66547
21491
21493
6133
66550
21494
19446
66552
6136
21497
8187
44028
44029
6141
44030
44031
21503
)


// ************************************************************************* //
