/*--------------------------------*- C++ -*----------------------------------*\
| =========                 |                                                 |
| \\      /  F ield         | OpenFOAM: The Open Source CFD Toolbox           |
|  \\    /   O peration     | Version:  2506                                  |
|   \\  /    A nd           | Website:  www.openfoam.com                      |
|    \\/     M anipulation  |                                                 |
\*---------------------------------------------------------------------------*/
FoamFile
{
    version     2.0;
    format      ascii;
    arch        "LSB;label=32;scalar=64";
    class       cellSet;
    location    "constant/polyMesh/sets";
    object      twoInternalFacesCells;
}
// * * * * * * * * * * * * * * * * * * * * * * * * * * * * * * * * * * * * * //


256
(
37888
29184
25088
23040
29185
23041
37890
25091
29192
23048
40969
35849
31753
29193
26633
23049
40970
31754
26634
35851
37904
40977
31761
26641
40978
37906
31762
26642
23570
23571
25112
35865
23578
35867
25115
23579
35904
34368
31808
26176
24128
34369
31809
24129
35906
26178
34376
31816
24136
41545
40521
34377
31817
26697
25673
24137
23625
26698
25674
23626
41547
40523
35920
26192
26705
25681
23633
35922
26706
26194
25682
23634
41561
40537
41563
40539
36992
35968
26752
23680
22144
26753
23681
36994
35970
22146
26760
23688
26761
23689
37008
35984
22160
37010
35986
26258
25234
24722
22162
26259
25235
24723
26266
25242
24730
26267
25243
24731
40649
26825
25801
24777
23753
26826
24778
23754
40651
25803
26833
24785
23761
41170
26834
24786
23762
23250
41171
23251
40665
25817
41178
23258
41179
40667
25819
23259
31488
26368
24320
31490
24322
26371
41225
25353
24841
23817
22793
41226
25354
22794
24843
23819
31504
24336
41233
25361
22801
41234
32530
31506
26898
25362
24338
22802
32531
26899
26392
24857
23833
32538
26906
32539
26907
26395
24859
23835
34624
26944
26432
25408
24896
26433
34626
25410
26947
24899
26440
32585
26441
23369
32586
23371
34640
25424
32593
34642
32594
25426
26968
24920
23385
26971
24923
23387
40320
36224
26496
25984
25472
24960
22912
25985
25473
40322
36226
26498
24962
22914
25992
25480
32137
25993
25481
32138
40336
36240
26512
24976
22928
32145
40338
36242
32146
26514
24978
22930
24512
24514
40905
31689
26569
40906
31690
26571
24528
40913
31697
40914
32210
31698
24530
32211
26585
32218
32219
26587
)


// ************************************************************************* //
