/*--------------------------------*- C++ -*----------------------------------*\
| =========                 |                                                 |
| \\      /  F ield         | OpenFOAM: The Open Source CFD Toolbox           |
|  \\    /   O peration     | Version:  2506                                  |
|   \\  /    A nd           | Website:  www.openfoam.com                      |
|    \\/     M anipulation  |                                                 |
\*---------------------------------------------------------------------------*/
FoamFile
{
    version     2.0;
    format      ascii;
    arch        "LSB;label=32;scalar=64";
    class       faceSet;
    location    "constant/polyMesh/sets";
    object      nonOrthoFaces;
}
// * * * * * * * * * * * * * * * * * * * * * * * * * * * * * * * * * * * * * //


1628
(
63488
55298
49155
40963
40964
40965
55302
40966
40968
10249
55306
40970
49165
10254
63504
49168
10257
49170
55316
49172
49177
63516
55331
49191
49193
55341
49197
55344
55345
55348
63541
57399
55352
49208
55361
108613
57413
63559
63562
49228
55374
49231
57427
63572
63573
108630
63576
57437
63584
57440
57442
63587
57444
55396
108645
55397
63590
108648
63593
57449
108651
108655
63599
63600
55410
108659
55414
57463
57465
55418
108669
57469
63616
36992
36997
57480
37000
37001
108682
37005
63632
37015
37016
57500
57503
37024
108707
63651
108708
57508
108719
37040
37041
108722
57523
37045
63670
108727
37048
63673
57533
37053
57536
57537
37058
63684
57540
63685
63688
57544
37064
53456
37072
57553
53459
53460
53461
63703
53464
57566
53471
53472
37091
53476
63717
37097
53488
53489
63731
57588
53492
59637
57589
53494
53498
63741
37118
53503
37119
63744
37120
59649
37121
63746
57602
63748
53508
57606
63753
57610
53514
59661
37134
37135
37137
37138
57619
37140
59669
63767
59671
37143
63769
59673
59674
53530
63773
59678
57631
53535
92451
92453
63784
57641
59691
57643
57644
59693
57646
92463
53551
53552
92465
59697
57649
53553
53554
57656
92473
92475
92476
63804
59708
92477
92478
53566
63807
53567
92481
53569
57666
53570
53572
106821
92485
63813
92487
53575
51527
92488
92489
92490
59724
92494
59727
92498
63827
51541
106838
57688
57689
92507
92509
92513
63843
57699
51555
106853
57702
106856
92520
92521
57706
106859
92524
63853
51565
106863
63855
51568
63858
51570
106867
92531
63860
51572
92534
57719
63865
51577
92538
92540
106877
92543
57733
63879
51591
63881
51593
106890
63885
51597
57747
63896
51608
57757
57760
57762
106915
106916
57764
57769
63915
51628
63918
106927
51631
63920
106930
63923
51637
63926
106935
57783
63928
57785
57789
63935
63936
51649
53701
57800
51661
63952
53713
51669
51671
51673
51674
63964
57820
53725
51678
57823
57828
53733
53735
53737
53738
51691
51693
53742
51697
57843
63989
53755
51708
57853
53757
57856
57857
53761
57860
109061
64007
57864
64010
53772
51724
51727
57873
64020
64021
51733
109078
64024
53788
57886
53791
64032
51745
64035
109093
53797
64038
109096
64041
109099
51757
109103
64047
64048
109107
53811
57908
57909
51765
51767
51769
51770
109117
51774
105024
64064
105025
105026
57922
105027
53827
105028
105030
57926
105031
105032
105033
109130
57930
51787
105037
53837
51789
105039
53839
105040
64080
105041
51793
105042
53842
105043
105044
53844
105046
105047
105048
105049
53849
51804
105053
105055
105056
105058
109155
105059
70243
64099
109156
105061
105063
53863
105064
53865
51820
53869
105070
109167
70255
51823
105072
105073
109170
105074
105075
51827
105077
105078
64118
109175
53880
70265
64121
105082
70267
70268
70270
51840
70273
105091
64132
64133
55941
105094
105095
70280
64136
105097
105098
53899
105101
51853
105102
53902
51855
55953
51857
105106
70290
105107
53907
51860
105109
105110
51864
105113
105114
105116
55965
105119
53919
51873
105124
105125
55973
55975
105128
70312
70313
55977
53929
55978
53931
105132
53932
105133
105134
55982
53934
51886
105135
105136
105137
53937
105138
70323
105140
105141
105142
70326
53944
70330
105147
55995
105148
105149
55997
105150
105152
105153
56001
105154
53954
51908
51909
105159
105160
105162
56012
105165
51919
51922
105172
105173
105174
105175
51927
53976
105177
53977
105178
56028
105182
56031
53987
53990
105191
105194
53994
105195
105197
105198
105201
105205
105207
105210
105212
105215
105220
107269
105221
105224
105228
105229
105230
105231
107286
107301
107304
107307
107311
107315
107325
107338
107363
107364
107375
43888
95089
107378
95091
54131
43892
107383
43895
43896
43899
95101
95102
95103
105344
95104
54144
95106
105347
43907
43908
105349
105350
95111
105353
95113
95114
95115
95116
43916
54157
95118
105359
54159
105360
95121
54161
54164
48020
105365
95126
95128
54168
43932
43933
105376
43936
105377
54177
95138
48035
43939
105380
105382
43943
105385
95146
43947
105388
48045
95150
54190
105392
48048
43952
97201
48049
105396
48052
97205
95157
43959
95160
48056
95161
97213
105406
97214
95167
97216
97217
48065
97218
105411
95171
54212
54213
95174
97223
43975
97226
95178
97229
95181
43981
95182
48078
54223
54226
97237
105430
97238
105431
97239
54231
105432
105433
97241
97242
97246
44002
105443
44003
105444
48100
44004
105445
48101
44005
105446
105448
105450
97258
97259
97261
97262
44015
105456
44016
97265
44017
105458
48114
44018
105459
105460
44020
105461
97269
105462
48118
44023
48122
105467
105468
97276
105471
97279
44032
105473
44036
44039
105480
44040
105481
105483
44043
105484
97292
105485
97293
105486
97294
97295
105489
70675
44051
105492
44052
105493
105495
105496
105497
105498
44060
105502
70687
105506
105511
70697
105515
70699
70700
44076
105517
44077
70702
44080
105521
70705
44083
105527
44087
105528
70712
105529
105530
44091
105532
46144
44096
70722
105539
46147
105540
105541
46149
105542
46150
44103
105544
46153
105546
105548
105551
46159
46160
46166
44119
70744
70745
44125
70755
46180
46181
70758
46184
70762
46187
46191
44146
46195
44147
44148
44149
46200
46205
44159
44160
44161
44162
44164
44167
46218
46223
46242
46243
46244
46245
46255
46256
46257
46258
52403
46260
46263
52415
107717
52425
52427
52428
52430
52433
107734
52440
52450
54499
107749
107752
107755
107759
54511
97520
97522
107763
97523
56563
97524
97526
52472
54521
52473
97531
54523
97532
54524
107773
54526
97535
56575
54529
52483
52486
97544
54536
97545
56585
107786
52490
97547
56587
97548
56588
97550
56590
99600
97553
56593
99602
54546
99604
97556
99605
99606
52503
97560
56600
99611
99612
7456
99617
97570
56610
107811
107812
52517
7461
97575
99624
54568
54569
7465
99629
7469
107823
107826
54579
52531
99636
99637
54582
107831
99639
97591
7479
97592
56632
7480
99641
97593
56633
99642
97594
54586
52541
99646
52544
52546
97603
56643
97604
52548
97605
97606
56646
99655
97608
52553
97610
56650
99659
99661
62800
38224
7504
99665
62803
38229
62806
99671
52567
62808
38232
52569
38233
99674
99676
52573
38237
62815
62816
99684
99685
38247
99688
52584
38248
7528
99692
99695
62832
38256
99699
99701
48503
62844
52604
99711
52607
38272
99713
38273
52611
48517
38277
38280
99721
7561
99723
99724
99725
38285
99726
52624
99729
109970
38290
48531
99733
62869
99735
109976
99736
38296
99737
99738
52637
48541
99742
7582
52639
48544
38304
109985
93601
52641
7585
99746
48546
109987
52644
48548
93605
109990
62887
109992
52648
109993
48553
62890
99755
99757
93613
93614
109999
7599
93616
99761
93617
52657
7601
93618
110003
71091
38323
62900
7604
62901
93623
48567
110008
99768
62904
99769
48569
38329
93626
99772
93629
48573
52670
71103
11712
110017
110018
62914
110019
99779
11715
11716
110021
93637
54725
110022
99782
93638
11718
93639
11719
48584
93641
71113
110026
99786
93642
71115
11723
99788
71116
93646
71118
38350
99791
38351
38352
71121
62929
54737
38353
62931
11731
52692
11732
52693
11733
110038
62934
110039
11735
71128
110041
62937
110042
93658
11738
93659
11739
48604
93661
54749
110046
93662
38366
62943
52703
48607
38367
11743
93665
38369
71138
52706
38370
110051
62947
38372
93669
54757
11750
54759
52711
38375
11752
54761
11753
54762
110060
93676
11756
11757
54766
110063
93679
11760
62962
11765
71160
71161
11770
54779
110076
93692
110077
93693
54781
110078
93694
110079
93695
93696
11776
54785
93698
71171
11779
93700
93701
93702
71174
62982
11782
71178
62986
93707
93708
54796
93713
62995
11798
93720
11803
54812
93725
11806
63007
54815
97824
97826
11810
97827
97828
93732
93733
97830
93735
93737
93738
97835
11819
97836
63021
93742
63022
11822
97839
11823
63024
11824
11825
63027
63030
93751
97848
97849
63033
11833
97851
93755
97852
93757
97854
11838
63039
11839
63040
97857
93761
11841
11842
97860
11844
93767
60999
11847
97864
93770
93772
11852
11853
63056
97874
56915
93780
93781
61013
97879
93784
93788
93791
56927
63072
61027
97895
97896
97897
56937
97898
56939
56940
61037
56942
61040
56945
61042
97907
63091
97908
61044
97909
97910
97912
56952
61049
97914
97921
56962
50819
108165
97925
63110
61063
63113
61065
97933
61069
97934
50831
97936
97937
9873
97938
63124
63125
108182
97943
63128
61080
56984
56985
50841
97946
50843
50844
97949
50846
63136
44704
50849
63139
56995
44708
108197
97957
97958
63142
56998
97959
44711
108200
63144
50856
44712
9896
97961
97962
57002
108203
44715
61100
97966
108207
63151
61103
63152
50866
108211
44723
44724
57015
97978
97979
44732
108221
97981
9917
97982
14014
63168
97985
97989
57029
50888
50889
108234
97996
63180
44748
44749
97999
44752
57043
50899
44755
67285
50902
44759
50906
44763
98012
98013
57053
98014
98015
57056
44768
67297
57058
14050
108259
108260
57060
63205
50919
44775
57065
9961
67309
9966
108271
9969
108274
71413
67317
50933
14070
108279
67319
63223
57079
44791
67321
57081
67322
63226
57085
44797
67326
71425
50947
63236
63237
63240
57096
67339
71437
67341
50957
50960
67345
50962
44818
44819
63252
50964
44820
71445
44821
14102
71447
14104
71449
50969
71450
67356
57116
14109
71454
57119
44831
44832
44833
10017
44834
63267
44836
50983
44839
50985
71467
67372
71469
63277
50989
67375
63280
71473
63281
69427
63284
44853
63288
51000
10040
71484
69439
63297
44865
69449
69451
71500
69452
51020
44877
10061
69454
63310
71503
51023
69457
44885
44887
69464
44889
44890
44894
69474
63332
53092
63333
44907
44909
44913
63346
53107
63350
69496
69497
10105
63354
44924
53117
10110
63360
53120
53121
10113
1921
69507
63363
53124
69510
63366
53128
63369
69514
44940
63375
44943
63376
40848
53137
40852
69525
40855
40856
1944
40859
53150
63392
69537
94115
40867
55204
40868
94117
40875
69549
1965
94127
63408
94129
10161
55219
53172
69557
53173
69559
40888
94137
69561
40889
69562
94139
94140
40892
94141
55229
94142
69566
40894
55232
94145
55233
40897
53186
63427
55236
40900
94149
53190
94151
94152
55240
40904
10184
94153
94154
53194
69579
69581
94158
40910
69585
55249
94162
63446
63449
2009
94171
40923
69596
94173
10205
55262
2014
94177
40929
2017
63460
63461
49127
94184
63464
94185
94188
69612
69615
63472
94195
63475
55284
55285
49141
94198
63478
40950
40951
63480
40952
40953
94202
94204
94207
63487
)


// ************************************************************************* //
