/*--------------------------------*- C++ -*----------------------------------*\
| =========                 |                                                 |
| \\      /  F ield         | OpenFOAM: The Open Source CFD Toolbox           |
|  \\    /   O peration     | Version:  2506                                  |
|   \\  /    A nd           | Website:  www.openfoam.com                      |
|    \\/     M anipulation  |                                                 |
\*---------------------------------------------------------------------------*/
FoamFile
{
    version     2.0;
    format      ascii;
    arch        "LSB;label=32;scalar=64";
    class       cellSet;
    location    "constant/polyMesh/sets";
    object      twoInternalFacesCells;
}
// * * * * * * * * * * * * * * * * * * * * * * * * * * * * * * * * * * * * * //


272
(
49152
26624
19456
18432
13312
11264
18433
49154
26626
19458
11266
13315
18440
18441
12297
12299
49168
26640
19472
11280
49170
26642
19474
11282
13336
12313
13339
12315
40000
13376
12352
40002
13378
12354
14409
11337
14410
11338
40016
13392
12368
14417
11345
40018
14418
13394
12370
11346
54400
34944
12416
34945
54402
12419
34952
34953
54416
54418
46226
27794
26770
11410
46227
27795
26771
11411
12440
46234
27802
26778
11418
46235
27803
26779
12443
11419
44224
19648
11456
19649
44227
11459
19656
19657
18633
12489
10441
18634
12490
10442
18641
12497
10449
18642
12498
10450
44248
11480
44251
11483
53504
28928
53505
28931
53512
53513
10505
10507
12562
12563
28952
10521
12570
28955
12571
10523
50496
33088
26944
9536
33089
9537
50498
26946
33096
9544
33097
17737
9545
17739
50512
26960
50514
26962
17753
17755
50560
39296
50561
39298
50568
50569
33161
33162
39312
33169
39314
33170
40384
40385
40392
50633
40393
50634
50641
50642
50688
27136
50690
27138
40457
40458
50704
27152
40465
50706
40466
27154
11794
11795
11802
11803
50752
40512
38464
50754
40514
38466
39497
39498
50768
40528
38480
39505
50770
40530
39506
38482
50816
38528
16000
12928
50817
16001
12929
38530
50824
16008
12936
50825
16009
12937
38544
40594
38546
40595
40602
40603
50880
17088
11968
50881
17089
11971
50888
17096
50889
40649
26313
17097
40650
26314
40657
26321
40658
26322
11992
11995
50944
50946
15113
15115
50960
50962
15129
15131
40768
10048
40770
10050
15177
15179
40784
10064
40786
11090
10066
11091
15193
11098
15195
11099
12169
12170
12177
25490
15250
12178
25491
15251
25498
15258
25499
15259
11200
11201
11208
12233
11209
12235
12249
12251
)


// ************************************************************************* //
