/*--------------------------------*- C++ -*----------------------------------*\
| =========                 |                                                 |
| \\      /  F ield         | OpenFOAM: The Open Source CFD Toolbox           |
|  \\    /   O peration     | Version:  2506                                  |
|   \\  /    A nd           | Website:  www.openfoam.com                      |
|    \\/     M anipulation  |                                                 |
\*---------------------------------------------------------------------------*/
FoamFile
{
    version     2.0;
    format      ascii;
    arch        "LSB;label=32;scalar=64";
    class       faceSet;
    location    "constant/polyMesh/sets";
    object      nonOrthoFaces;
}
// * * * * * * * * * * * * * * * * * * * * * * * * * * * * * * * * * * * * * //


796
(
70656
11266
66563
79877
70661
79879
11271
79881
79882
79886
18446
18447
18448
11280
18449
70674
70675
70677
66581
11285
70678
66584
11289
70682
79899
66588
79901
11293
18462
70687
66591
18463
17440
79905
18465
18466
18468
17445
66599
18471
11303
70696
17448
11304
17449
70699
66603
79916
17453
18480
18485
17463
18488
17464
18489
70715
66619
79932
70716
11324
70717
18493
70718
79935
17472
18503
18504
18511
17488
11344
17489
66645
17493
17496
66649
18524
18525
17501
18529
17506
66659
18531
18535
17512
18539
11373
66671
18544
17520
18551
66685
66686
11394
17539
11397
18567
17545
18573
11411
11413
31896
11416
17566
17567
17568
17569
18594
18595
12451
18596
18597
31912
17582
17583
17585
18610
17586
18611
17588
18613
12469
18614
17591
12471
31928
18616
18618
12474
12476
17600
31937
31939
12483
17604
31941
31942
17606
17607
12487
31946
17611
17619
17620
31959
12504
31961
17626
31966
17640
17641
31980
17645
34032
17648
34033
34034
34035
34036
34037
17653
12533
34038
12537
17658
34043
34044
31996
34045
34046
34047
31999
34048
17664
34049
12545
34050
17670
34055
34056
34057
34058
34059
34060
34061
12557
34062
35088
75025
35089
34065
35090
75027
35091
35092
34068
75029
35093
34069
35094
34070
17686
34071
34072
34073
34074
35099
17691
35100
75037
35101
12573
75038
35102
34078
12574
35103
75040
35104
4384
75041
35105
35106
34082
75043
75044
4389
35111
34087
35112
4392
35113
4393
75050
35114
34090
35115
34091
35116
75053
35117
34093
4397
75054
35118
34094
17710
75055
17711
17712
11568
75057
35121
34097
17713
4402
75059
75060
35124
35125
34101
11573
35126
35127
34103
4407
75064
35128
34104
4408
35129
34105
11577
35130
34106
34108
75069
11581
75070
35134
17726
75071
34111
17727
4416
75073
17729
75074
35138
17730
34115
75076
34116
17732
34117
34118
35143
17735
11591
34120
11592
75081
35146
34122
4426
35147
34124
35149
34125
75086
35150
34126
34127
4432
35153
4433
35157
4437
75094
75095
35159
35160
4440
75097
35161
75098
35162
35164
75101
4445
35167
45408
11616
75105
4450
45411
35171
75108
45412
35172
75109
35173
35174
45415
75112
45416
35176
4456
45418
35178
75115
45419
35180
35181
35182
75119
35183
4464
75122
45427
45428
45429
75127
45432
11640
4474
75131
75132
45436
75133
45437
75134
45440
45441
4482
4483
4488
4489
45450
45452
4492
45453
45455
45456
45459
45462
45463
11673
45467
4510
4511
45472
4512
45473
4513
45475
45476
45479
45480
45482
11694
4526
4527
45489
11697
4529
4530
4532
45495
4535
12728
45501
11711
45505
11713
45506
45508
11716
45509
45514
45519
17872
12752
45522
45523
45524
45525
17877
45528
17880
17881
45531
17885
45535
45536
45537
12769
45538
45540
12773
45543
17895
17896
12776
45547
45548
45549
12781
45550
17904
12786
17920
12800
17921
17925
17928
17933
17938
12819
17944
17952
12847
12848
17971
17977
12862
12866
12871
17998
17999
18000
18001
18014
18015
18017
18018
11875
18020
18023
71281
71283
71285
11893
11895
11898
11900
71293
71294
71296
71297
71299
11907
71300
11911
71306
71309
71310
71311
71313
71315
71316
71320
11928
71325
71326
71327
19104
71329
71330
71332
19109
19112
71337
19113
19117
71342
6832
6836
11957
71350
71351
19127
6839
19128
6840
71353
11961
71354
6842
6843
71357
31424
19136
71361
11969
31426
31427
6851
71364
6852
71365
31429
31430
71368
31432
31433
71371
6859
11981
6862
71375
31439
31440
19152
31441
19153
71378
31443
31445
19157
31446
71383
31448
19160
6872
31449
6873
71387
71388
6876
71389
19165
11997
71390
11998
6878
31455
31456
6880
31457
6881
19170
31459
31460
6884
31462
31464
19176
6888
31465
6889
31468
6892
6894
6895
31472
19184
6896
31473
31474
31475
31476
31477
31478
6902
31482
6907
31486
18176
6913
31491
19203
18181
31494
6918
31495
18184
6920
31497
19209
18185
31498
18189
31502
6926
31507
31510
6934
31511
18199
6935
31512
18200
6936
31513
6937
31516
6940
19230
31519
19231
19232
18208
19233
31523
6947
31524
6948
31525
6949
31526
6950
31528
6952
31530
6954
31532
6956
31533
31534
19246
31535
19247
6959
18224
19249
18225
19250
19252
18229
19255
18232
18237
19264
18242
19268
19270
19271
18248
19275
18256
19283
19284
19290
3936
18275
3940
3942
3943
19304
19305
18281
3947
19309
19312
3955
3956
19317
11128
19322
3962
18302
18303
19328
18304
18305
19334
3975
3976
3977
3981
18318
18319
11152
3984
18321
18322
18324
3989
19350
18327
3994
19355
3999
18336
4000
11169
18340
11173
18342
4006
18343
11176
18347
11181
19374
19375
19376
19377
11186
18355
4019
18356
4022
18362
4027
19390
19391
11200
19393
70594
19394
19396
19399
70600
18376
18377
18381
4046
4047
18384
4048
70609
4049
70611
11219
18389
70615
70618
18394
70619
4062
4063
18400
4065
70626
4066
4068
79845
18406
4070
70631
4071
4072
4074
70638
11247
11248
79857
18422
70649
70650
70651
18427
79869
70654
11262
)


// ************************************************************************* //
