# Region type : patch pressure_outlet
# Faces       : 354
# Area        : 3.066803e-04
# Scale factor: 1.000000e+00
# Time        	areaAverage(U)
1             	(2.918278e-01 -3.360386e+01 3.911331e-02)
2             	(1.967644e-01 2.494932e+00 2.575283e-01)
3             	(3.743509e-01 3.191304e+01 -1.254334e+00)
4             	(2.624278e-01 3.947866e+01 -7.277721e-01)
5             	(-4.139122e-02 3.231975e+01 -8.081666e-01)
6             	(-8.986587e-02 2.044754e+01 -2.463146e-01)
7             	(-1.585370e-01 5.055027e+00 4.603241e-01)
8             	(-1.504112e-01 -7.680418e+00 6.991999e-01)
9             	(-1.201806e-01 -1.327543e+01 1.033283e+00)
10            	(-2.636309e-03 -1.364515e+01 1.215415e+00)
11            	(-1.673138e-01 -1.111134e+01 1.429947e+00)
12            	(-6.204371e-02 -6.759972e+00 1.603352e+00)
13            	(-2.557029e-01 -1.975225e+00 1.478347e+00)
14            	(-2.686048e-01 1.758728e+00 1.634342e+00)
15            	(-1.444249e-01 3.775862e+00 1.676765e+00)
16            	(-3.741242e-02 3.976587e+00 1.631584e+00)
17            	(2.531057e-02 2.849929e+00 1.456310e+00)
18            	(1.675704e-01 1.093908e+00 1.505468e+00)
19            	(2.550623e-01 -6.207356e-01 1.716879e+00)
20            	(2.666836e-01 -1.845618e+00 1.904832e+00)
21            	(3.676467e-01 -2.260402e+00 2.488601e+00)
22            	(3.959992e-01 -1.959717e+00 2.510811e+00)
23            	(4.301831e-01 -1.179556e+00 2.238032e+00)
24            	(4.337157e-01 -3.112034e-01 2.129476e+00)
25            	(4.458669e-01 3.614589e-01 2.140241e+00)
26            	(4.645838e-01 6.523127e-01 2.187205e+00)
27            	(4.794542e-01 5.777285e-01 2.182338e+00)
28            	(4.734137e-01 2.518187e-01 2.073275e+00)
29            	(5.027606e-01 -1.553028e-01 1.902731e+00)
30            	(5.234949e-01 -4.989804e-01 1.834237e+00)
31            	(5.845187e-01 -6.639997e-01 1.815389e+00)
32            	(5.803868e-01 -6.492433e-01 1.749284e+00)
33            	(6.083572e-01 -4.814247e-01 1.713320e+00)
34            	(5.982011e-01 -2.583599e-01 1.667650e+00)
35            	(5.812411e-01 -5.753505e-02 1.561855e+00)
36            	(5.578115e-01 5.159635e-02 1.515969e+00)
37            	(5.281648e-01 6.897223e-02 1.417896e+00)
38            	(5.051178e-01 -4.669123e-03 1.388893e+00)
39            	(4.966673e-01 -1.155681e-01 1.323962e+00)
40            	(4.955779e-01 -2.250771e-01 1.331770e+00)
41            	(4.577048e-01 -2.901585e-01 1.290534e+00)
42            	(4.059985e-01 -3.086655e-01 1.300176e+00)
43            	(3.754895e-01 -2.901868e-01 1.258017e+00)
44            	(3.569869e-01 -2.532858e-01 1.241446e+00)
45            	(3.914849e-01 -1.764326e-01 1.110722e+00)
46            	(3.576924e-01 -1.132500e-01 1.068063e+00)
47            	(3.204449e-01 -7.315485e-02 9.962156e-01)
48            	(2.796963e-01 -7.329649e-02 9.248587e-01)
49            	(2.401496e-01 -9.577878e-02 9.078978e-01)
50            	(2.040852e-01 -1.272202e-01 7.665711e-01)
51            	(1.904940e-01 -1.475492e-01 7.290690e-01)
52            	(1.935160e-01 -1.554492e-01 6.252146e-01)
53            	(1.877027e-01 -1.485435e-01 5.603066e-01)
54            	(1.804144e-01 -1.421942e-01 5.044590e-01)
55            	(1.971467e-01 -1.187940e-01 4.308236e-01)
56            	(1.985341e-01 -9.743165e-02 3.674439e-01)
57            	(2.194655e-01 -8.280266e-02 3.673257e-01)
58            	(2.212611e-01 -8.348808e-02 3.205070e-01)
59            	(2.424153e-01 -8.818799e-02 2.899563e-01)
60            	(2.627581e-01 -9.835285e-02 2.732664e-01)
61            	(2.655596e-01 -1.094399e-01 2.273540e-01)
62            	(2.728698e-01 -1.231758e-01 2.202414e-01)
63            	(2.872604e-01 -1.268923e-01 1.904107e-01)
64            	(2.819318e-01 -1.240294e-01 7.013506e-02)
65            	(2.937302e-01 -1.214096e-01 1.152386e-01)
66            	(3.096354e-01 -1.173223e-01 1.248283e-01)
67            	(3.089537e-01 -1.160290e-01 4.853381e-02)
68            	(3.354380e-01 -1.077690e-01 3.383760e-02)
69            	(3.876955e-01 -1.018614e-01 6.804752e-02)
70            	(4.280814e-01 -9.529659e-02 6.082396e-02)
71            	(4.440658e-01 -8.649900e-02 4.384262e-02)
72            	(4.575904e-01 -7.760402e-02 4.563558e-02)
73            	(3.995317e-01 -6.994237e-02 1.136240e-02)
74            	(4.103633e-01 -6.049854e-02 1.156260e-02)
75            	(4.362574e-01 -5.301112e-02 -4.910234e-02)
76            	(4.487753e-01 -4.778712e-02 -5.319345e-02)
77            	(4.784707e-01 -5.042362e-02 -7.311195e-02)
78            	(4.948111e-01 -5.130148e-02 -8.305316e-02)
79            	(5.498451e-01 -5.206538e-02 -9.387223e-02)
80            	(5.744953e-01 -4.642087e-02 -1.055082e-01)
81            	(6.028630e-01 -3.976321e-02 -1.070895e-01)
82            	(6.561388e-01 -3.319396e-02 -1.427974e-01)
83            	(7.004678e-01 -2.149584e-02 -1.741283e-01)
84            	(7.166582e-01 -1.004669e-02 -1.713145e-01)
85            	(7.575463e-01 -3.482508e-03 -2.045634e-01)
86            	(8.361902e-01 -1.484393e-04 -2.610677e-01)
87            	(8.747076e-01 -1.944960e-04 -2.954046e-01)
88            	(9.175465e-01 -8.165749e-04 -3.184280e-01)
89            	(9.734815e-01 -2.038923e-04 -3.470918e-01)
90            	(1.033821e+00 -1.204930e-03 -3.875180e-01)
91            	(1.061715e+00 -1.180721e-03 -4.127087e-01)
92            	(1.089311e+00 1.668897e-03 -4.455581e-01)
93            	(1.114594e+00 4.767069e-03 -4.712465e-01)
94            	(1.149889e+00 7.087077e-03 -4.998295e-01)
95            	(1.183244e+00 6.673413e-03 -5.256662e-01)
96            	(1.210414e+00 4.146139e-03 -5.496587e-01)
97            	(1.227432e+00 2.044718e-03 -5.848209e-01)
98            	(1.242767e+00 1.281672e-03 -6.170546e-01)
99            	(1.244782e+00 1.437423e-03 -6.449598e-01)
100           	(1.257516e+00 1.006572e-03 -6.657303e-01)
101           	(1.261809e+00 1.864386e-03 -6.522237e-01)
102           	(1.250968e+00 3.291653e-04 -6.965053e-01)
103           	(1.270455e+00 8.931962e-04 -7.196220e-01)
104           	(1.287660e+00 5.211651e-03 -7.535294e-01)
105           	(1.302390e+00 1.242602e-02 -7.709767e-01)
106           	(1.304917e+00 1.796711e-02 -7.979551e-01)
107           	(1.323407e+00 2.140556e-02 -8.181063e-01)
108           	(1.332552e+00 2.101456e-02 -8.387101e-01)
109           	(1.292645e+00 1.603165e-02 -8.148719e-01)
110           	(1.315414e+00 5.064120e-03 -8.414700e-01)
111           	(1.326069e+00 -5.988508e-03 -8.568033e-01)
112           	(1.317380e+00 -1.244499e-02 -8.134492e-01)
113           	(1.353199e+00 -1.338632e-02 -8.281243e-01)
114           	(1.370312e+00 -1.043560e-02 -8.027331e-01)
115           	(1.390356e+00 -4.914113e-03 -8.257732e-01)
116           	(1.372549e+00 1.512905e-03 -7.961234e-01)
117           	(1.389738e+00 -2.918363e-04 -7.849772e-01)
118           	(1.402058e+00 1.077746e-03 -7.724216e-01)
119           	(1.413100e+00 -6.388999e-03 -7.504899e-01)
120           	(1.402835e+00 -4.070924e-03 -7.127052e-01)
121           	(1.382845e+00 -4.062505e-03 -6.732103e-01)
122           	(1.374315e+00 -3.019630e-03 -6.534464e-01)
123           	(1.389422e+00 -1.568063e-02 -6.345000e-01)
124           	(1.411708e+00 -2.290462e-02 -6.248583e-01)
125           	(1.423125e+00 -2.462655e-02 -6.017596e-01)
126           	(1.449957e+00 -1.982370e-02 -5.916493e-01)
127           	(1.428080e+00 -2.097268e-02 -5.750403e-01)
128           	(1.387529e+00 -1.480239e-02 -5.505861e-01)
129           	(1.375745e+00 -1.575757e-02 -5.335021e-01)
130           	(1.439205e+00 -1.335499e-02 -5.497201e-01)
131           	(1.464369e+00 -1.653636e-02 -5.504983e-01)
132           	(1.461787e+00 -1.625400e-02 -5.283661e-01)
133           	(1.429126e+00 -1.818945e-02 -5.036089e-01)
134           	(1.478846e+00 -1.632272e-02 -4.914711e-01)
135           	(1.474099e+00 -2.084277e-02 -4.798277e-01)
136           	(1.514937e+00 -1.906668e-02 -4.682553e-01)
137           	(1.523706e+00 -2.059196e-02 -4.702176e-01)
138           	(1.521429e+00 -1.670995e-02 -4.432555e-01)
139           	(1.583516e+00 -1.589335e-02 -4.440577e-01)
140           	(1.608429e+00 -5.695372e-03 -4.496340e-01)
141           	(1.602632e+00 -4.310118e-03 -4.410157e-01)
142           	(1.610427e+00 -1.787883e-03 -4.081256e-01)
143           	(1.608018e+00 -8.164970e-03 -3.995305e-01)
144           	(1.599775e+00 -9.070455e-03 -3.778402e-01)
145           	(1.639041e+00 -1.464906e-02 -3.702692e-01)
146           	(1.632711e+00 -1.235747e-02 -3.458178e-01)
147           	(1.620810e+00 -1.551024e-02 -3.110445e-01)
148           	(1.576077e+00 -1.197851e-02 -2.797946e-01)
149           	(1.636336e+00 -9.621630e-03 -2.525748e-01)
150           	(1.651721e+00 -4.575089e-03 -2.483358e-01)
151           	(1.671460e+00 -5.480081e-03 -2.200669e-01)
152           	(1.667147e+00 1.237319e-04 -1.913836e-01)
153           	(1.653720e+00 1.117837e-03 -1.556740e-01)
154           	(1.665258e+00 4.077439e-03 -1.261848e-01)
155           	(1.688156e+00 2.153139e-03 -1.042362e-01)
156           	(1.715287e+00 4.794606e-03 -8.657127e-02)
157           	(1.699789e+00 6.078847e-03 -4.229364e-02)
158           	(1.677681e+00 1.014652e-02 -1.365716e-02)
159           	(1.716756e+00 1.127796e-02 2.463093e-02)
160           	(1.656799e+00 1.587641e-02 4.569715e-02)
161           	(1.605213e+00 1.784960e-02 4.988782e-02)
162           	(1.615830e+00 2.367852e-02 8.650354e-02)
163           	(1.563193e+00 2.720192e-02 1.355094e-01)
164           	(1.545821e+00 3.056676e-02 1.911258e-01)
165           	(1.551746e+00 3.043421e-02 2.549332e-01)
166           	(1.495513e+00 2.964997e-02 2.691716e-01)
167           	(1.491065e+00 2.603071e-02 3.497201e-01)
168           	(1.456073e+00 2.570599e-02 3.787969e-01)
169           	(1.409832e+00 2.215913e-02 4.316786e-01)
170           	(1.391576e+00 2.296713e-02 4.710093e-01)
171           	(1.309466e+00 2.196707e-02 5.217238e-01)
172           	(1.273526e+00 2.210397e-02 5.591648e-01)
173           	(1.224061e+00 1.788079e-02 6.385133e-01)
174           	(1.185550e+00 1.724515e-02 6.848027e-01)
175           	(1.159669e+00 1.367042e-02 7.872506e-01)
176           	(1.150159e+00 1.571951e-02 8.136442e-01)
177           	(1.112638e+00 1.704863e-02 9.089070e-01)
178           	(1.076797e+00 2.151456e-02 9.619063e-01)
179           	(1.048914e+00 2.147051e-02 1.046219e+00)
180           	(1.000181e+00 2.359503e-02 1.079780e+00)
181           	(9.841849e-01 2.201381e-02 1.130737e+00)
182           	(9.436512e-01 2.396844e-02 1.175154e+00)
183           	(9.226711e-01 2.064456e-02 1.222644e+00)
184           	(8.988373e-01 1.950609e-02 1.267191e+00)
185           	(9.106768e-01 1.823558e-02 1.333386e+00)
186           	(8.941739e-01 1.971329e-02 1.380713e+00)
187           	(8.572869e-01 2.102992e-02 1.430404e+00)
188           	(8.599039e-01 2.231563e-02 1.480282e+00)
189           	(8.641626e-01 2.160351e-02 1.539398e+00)
190           	(8.633874e-01 2.166092e-02 1.617841e+00)
191           	(8.718276e-01 1.981460e-02 1.645560e+00)
192           	(8.779744e-01 2.131568e-02 1.738113e+00)
193           	(8.989172e-01 2.288511e-02 1.760442e+00)
194           	(9.045942e-01 2.536210e-02 1.831775e+00)
195           	(8.714583e-01 2.572342e-02 1.807566e+00)
196           	(8.614476e-01 2.762467e-02 1.842349e+00)
197           	(9.019026e-01 2.620949e-02 1.891188e+00)
198           	(9.008860e-01 2.834702e-02 1.903550e+00)
199           	(8.689090e-01 2.471371e-02 1.907711e+00)
200           	(8.620047e-01 2.574939e-02 1.926047e+00)
201           	(8.626842e-01 2.508046e-02 1.922006e+00)
202           	(8.653017e-01 2.466662e-02 1.880978e+00)
203           	(8.665199e-01 2.242541e-02 1.840920e+00)
204           	(8.241009e-01 2.204104e-02 1.799930e+00)
205           	(8.535352e-01 1.465775e-02 1.805661e+00)
206           	(7.987511e-01 1.271711e-02 1.750484e+00)
207           	(7.913461e-01 9.328286e-03 1.758915e+00)
208           	(7.575304e-01 7.939516e-03 1.720947e+00)
209           	(7.282591e-01 4.557673e-03 1.718053e+00)
210           	(6.869707e-01 3.491250e-03 1.640922e+00)
211           	(6.775026e-01 4.524653e-04 1.571403e+00)
212           	(6.698052e-01 3.764191e-04 1.519659e+00)
213           	(6.649626e-01 -2.564637e-03 1.523824e+00)
214           	(6.306167e-01 -2.077252e-03 1.464823e+00)
215           	(6.443032e-01 -7.355198e-03 1.388977e+00)
216           	(6.092513e-01 -7.133995e-03 1.365536e+00)
217           	(6.458982e-01 -4.350111e-03 1.322583e+00)
218           	(6.510007e-01 3.131158e-03 1.269918e+00)
219           	(6.943426e-01 7.274993e-03 1.198301e+00)
220           	(6.908104e-01 1.158926e-02 1.131893e+00)
221           	(7.581056e-01 1.149100e-02 1.123570e+00)
222           	(7.520138e-01 1.039087e-02 1.044969e+00)
223           	(7.549544e-01 1.017363e-03 1.031019e+00)
224           	(7.726668e-01 -6.315882e-03 9.617175e-01)
225           	(7.653392e-01 -2.048455e-02 8.727623e-01)
226           	(7.993752e-01 -3.105653e-02 8.205572e-01)
227           	(7.720041e-01 -3.141092e-02 7.815238e-01)
228           	(7.525753e-01 -2.856571e-02 6.822508e-01)
229           	(7.527162e-01 -2.966047e-02 6.189043e-01)
230           	(7.669395e-01 -3.196080e-02 5.651319e-01)
231           	(7.661039e-01 -3.864323e-02 5.107342e-01)
232           	(7.546088e-01 -3.367422e-02 4.697544e-01)
233           	(7.534634e-01 -3.168705e-02 4.065436e-01)
234           	(7.308747e-01 -3.022117e-02 3.618282e-01)
235           	(7.751181e-01 -2.944777e-02 2.971050e-01)
236           	(7.458860e-01 -2.553371e-02 2.684070e-01)
237           	(7.266290e-01 -2.361614e-02 2.221867e-01)
238           	(7.221891e-01 -2.261853e-02 1.465915e-01)
239           	(7.171645e-01 -2.394360e-02 9.676487e-02)
240           	(6.899125e-01 -2.358241e-02 6.628102e-02)
241           	(6.879484e-01 -2.142327e-02 -4.454102e-03)
242           	(7.209936e-01 -1.724584e-02 -5.610264e-02)
243           	(7.391107e-01 -1.092370e-02 -9.653151e-02)
244           	(7.407202e-01 -2.753602e-03 -1.360363e-01)
245           	(7.663038e-01 2.844401e-03 -1.846047e-01)
246           	(7.863523e-01 6.918153e-03 -2.267348e-01)
247           	(8.259347e-01 1.205099e-02 -2.665105e-01)
248           	(8.543417e-01 1.746823e-02 -3.161028e-01)
249           	(8.833198e-01 1.915141e-02 -3.657476e-01)
250           	(9.148762e-01 2.342427e-02 -4.223674e-01)
251           	(9.504570e-01 2.540097e-02 -4.951704e-01)
252           	(9.821142e-01 2.640565e-02 -5.255360e-01)
253           	(1.045942e+00 2.528324e-02 -6.044606e-01)
254           	(1.080854e+00 2.053529e-02 -6.784240e-01)
255           	(1.117887e+00 1.320819e-02 -7.309842e-01)
256           	(1.152619e+00 7.638397e-03 -7.852346e-01)
257           	(1.184689e+00 3.621625e-03 -8.384913e-01)
258           	(1.226723e+00 1.680065e-03 -8.992452e-01)
259           	(1.247628e+00 1.193396e-03 -9.461833e-01)
260           	(1.272864e+00 9.661764e-03 -1.003070e+00)
261           	(1.295088e+00 1.987376e-02 -1.069964e+00)
262           	(1.312776e+00 2.650475e-02 -1.118879e+00)
263           	(1.333902e+00 2.844179e-02 -1.185978e+00)
264           	(1.343292e+00 2.835521e-02 -1.229088e+00)
265           	(1.360521e+00 1.923078e-02 -1.271834e+00)
266           	(1.368883e+00 1.011422e-02 -1.315927e+00)
267           	(1.370811e+00 8.506224e-03 -1.347990e+00)
268           	(1.385177e+00 1.222589e-02 -1.382924e+00)
269           	(1.406310e+00 1.529704e-02 -1.408163e+00)
270           	(1.415596e+00 1.818986e-02 -1.431854e+00)
271           	(1.423560e+00 1.291883e-02 -1.471283e+00)
272           	(1.422742e+00 1.047464e-02 -1.485059e+00)
273           	(1.428981e+00 4.862611e-03 -1.510579e+00)
274           	(1.464015e+00 4.075703e-03 -1.544833e+00)
275           	(1.472113e+00 2.965956e-03 -1.553743e+00)
276           	(1.491481e+00 6.326650e-03 -1.572501e+00)
277           	(1.518091e+00 8.925697e-03 -1.590190e+00)
278           	(1.510916e+00 1.127855e-02 -1.549616e+00)
279           	(1.437944e+00 1.320337e-02 -1.519953e+00)
280           	(1.434164e+00 1.841962e-02 -1.475296e+00)
281           	(1.308294e+00 1.983534e-02 -1.424954e+00)
282           	(1.336208e+00 2.020006e-02 -1.405321e+00)
283           	(1.252053e+00 2.049707e-02 -1.365941e+00)
284           	(1.179419e+00 2.721864e-02 -1.279831e+00)
285           	(1.150085e+00 2.993315e-02 -1.261008e+00)
286           	(1.157089e+00 3.366119e-02 -1.210578e+00)
287           	(1.097107e+00 3.238098e-02 -1.163528e+00)
288           	(1.119928e+00 3.222802e-02 -1.139147e+00)
289           	(1.060810e+00 2.610167e-02 -1.088244e+00)
290           	(1.064104e+00 2.146912e-02 -1.040613e+00)
291           	(1.064014e+00 1.564220e-02 -1.020201e+00)
292           	(1.052587e+00 1.224686e-02 -9.617614e-01)
293           	(1.023985e+00 5.409837e-03 -9.401132e-01)
294           	(1.047175e+00 3.791985e-03 -9.205658e-01)
295           	(9.798444e-01 -3.675565e-03 -8.485681e-01)
296           	(9.797065e-01 -8.328958e-03 -8.232951e-01)
297           	(9.330376e-01 -1.261410e-02 -7.796977e-01)
298           	(9.474866e-01 -1.167075e-02 -7.702835e-01)
299           	(9.213649e-01 -9.663058e-03 -7.480139e-01)
300           	(9.456475e-01 -5.784150e-03 -7.598877e-01)
301           	(9.055896e-01 -8.634656e-03 -7.326410e-01)
302           	(8.977819e-01 -9.739171e-03 -7.169097e-01)
303           	(8.662091e-01 -1.432454e-02 -6.901818e-01)
304           	(8.390787e-01 -1.070801e-02 -6.857242e-01)
305           	(8.708275e-01 -1.025358e-02 -7.069628e-01)
306           	(8.124606e-01 -9.870298e-03 -6.750461e-01)
307           	(7.967568e-01 -2.020348e-02 -6.661925e-01)
308           	(7.877975e-01 -2.975520e-02 -6.502737e-01)
309           	(7.854434e-01 -2.310706e-02 -6.379412e-01)
310           	(7.680680e-01 -1.170589e-02 -6.123512e-01)
311           	(7.858123e-01 -3.202195e-03 -6.063213e-01)
312           	(7.477077e-01 9.775618e-03 -5.933189e-01)
313           	(7.285269e-01 1.761585e-02 -5.695060e-01)
314           	(7.097704e-01 1.993683e-02 -5.640847e-01)
315           	(6.876595e-01 1.709098e-02 -5.407022e-01)
316           	(6.786376e-01 1.604226e-02 -5.083248e-01)
317           	(6.767796e-01 1.150863e-02 -5.064143e-01)
318           	(6.687084e-01 1.021314e-02 -4.809849e-01)
319           	(6.307321e-01 6.562116e-03 -4.576700e-01)
320           	(6.267851e-01 8.006286e-03 -4.376353e-01)
321           	(6.386098e-01 7.340674e-03 -4.183185e-01)
322           	(6.317203e-01 8.524426e-03 -3.896666e-01)
323           	(6.408580e-01 7.564852e-03 -3.739565e-01)
324           	(6.328441e-01 9.420467e-03 -3.556073e-01)
325           	(6.170302e-01 9.307854e-03 -3.318202e-01)
326           	(5.995384e-01 9.347051e-03 -3.032611e-01)
327           	(5.997570e-01 6.588375e-03 -2.728124e-01)
328           	(5.840289e-01 5.979921e-03 -2.420568e-01)
329           	(5.767856e-01 2.581572e-03 -2.069911e-01)
330           	(5.481585e-01 4.541547e-03 -1.494172e-01)
331           	(5.351206e-01 4.679482e-03 -1.027272e-01)
332           	(5.265541e-01 7.618989e-03 -4.624959e-02)
333           	(5.185348e-01 5.805625e-03 -2.283254e-02)
334           	(5.143364e-01 1.066092e-02 1.325795e-02)
335           	(5.197023e-01 1.178882e-02 8.033719e-02)
336           	(5.127788e-01 1.454164e-02 1.116624e-01)
337           	(5.423736e-01 1.331171e-02 1.201333e-01)
338           	(5.617826e-01 1.581561e-02 1.676595e-01)
339           	(5.845868e-01 1.278331e-02 1.842276e-01)
340           	(5.992832e-01 1.288972e-02 2.004092e-01)
341           	(5.657987e-01 1.405235e-02 2.282163e-01)
342           	(5.882198e-01 1.828759e-02 2.285573e-01)
343           	(5.917700e-01 1.912030e-02 2.576759e-01)
344           	(5.893393e-01 2.210789e-02 2.678093e-01)
345           	(5.961865e-01 2.185848e-02 2.869367e-01)
346           	(5.470567e-01 2.169504e-02 3.197770e-01)
347           	(6.022363e-01 1.906358e-02 3.200502e-01)
348           	(5.867520e-01 1.881582e-02 3.315154e-01)
349           	(5.905683e-01 1.758131e-02 3.368207e-01)
350           	(6.381335e-01 2.076021e-02 3.311651e-01)
351           	(6.283489e-01 1.961308e-02 3.267524e-01)
352           	(6.374073e-01 2.349930e-02 3.170033e-01)
353           	(6.748072e-01 2.371606e-02 2.813811e-01)
354           	(7.063409e-01 2.669614e-02 2.585289e-01)
355           	(7.365558e-01 2.594807e-02 2.270339e-01)
356           	(7.588988e-01 2.749569e-02 2.064093e-01)
357           	(7.780877e-01 2.464609e-02 1.633321e-01)
358           	(7.999668e-01 2.506196e-02 1.301248e-01)
359           	(8.053549e-01 2.196786e-02 9.130273e-02)
360           	(8.106301e-01 2.316641e-02 7.343938e-02)
361           	(8.086185e-01 1.884965e-02 3.840611e-02)
362           	(8.096984e-01 1.843054e-02 7.960170e-03)
363           	(8.039028e-01 1.412841e-02 -3.006449e-02)
364           	(7.994695e-01 1.377223e-02 -7.106628e-02)
365           	(7.933709e-01 7.869361e-03 -1.098385e-01)
366           	(7.807696e-01 6.834714e-03 -1.379738e-01)
367           	(7.733982e-01 2.225398e-03 -1.825326e-01)
368           	(7.809451e-01 2.759673e-03 -2.245757e-01)
369           	(7.692733e-01 -1.487364e-03 -2.608884e-01)
370           	(7.582045e-01 6.647508e-04 -2.873367e-01)
371           	(7.502189e-01 -1.210927e-03 -3.342245e-01)
372           	(7.390129e-01 3.220896e-04 -3.715906e-01)
373           	(7.253129e-01 6.659691e-04 -4.095366e-01)
374           	(7.096529e-01 3.961942e-03 -4.512365e-01)
375           	(7.120951e-01 3.668781e-03 -5.034745e-01)
376           	(6.983080e-01 6.172047e-03 -5.531275e-01)
377           	(6.975672e-01 4.967429e-03 -5.816093e-01)
378           	(6.890848e-01 8.443929e-03 -6.207688e-01)
379           	(6.878543e-01 7.608408e-03 -6.549313e-01)
380           	(6.787897e-01 7.908677e-03 -6.889071e-01)
381           	(6.828563e-01 6.000781e-03 -7.239437e-01)
382           	(6.607798e-01 4.620993e-03 -7.643716e-01)
383           	(6.479246e-01 5.312625e-04 -7.910001e-01)
384           	(6.336737e-01 9.734915e-04 -8.153980e-01)
385           	(6.299646e-01 -8.948812e-04 -8.321075e-01)
386           	(6.055636e-01 -1.083901e-03 -8.639848e-01)
387           	(5.769859e-01 -5.949671e-04 -8.884269e-01)
388           	(5.705947e-01 1.271908e-03 -9.047349e-01)
389           	(5.370407e-01 9.561608e-04 -9.276636e-01)
390           	(5.456564e-01 2.268489e-03 -9.252204e-01)
391           	(5.134628e-01 6.616186e-04 -9.464298e-01)
392           	(5.282858e-01 2.322076e-03 -9.420846e-01)
393           	(5.000421e-01 1.892225e-03 -9.583120e-01)
394           	(5.188485e-01 3.730288e-03 -9.414055e-01)
395           	(5.148860e-01 2.514193e-03 -9.472496e-01)
396           	(5.101797e-01 5.360951e-03 -9.387070e-01)
397           	(4.891906e-01 4.787670e-03 -9.521152e-01)
398           	(5.067828e-01 7.907994e-03 -9.491161e-01)
399           	(5.002252e-01 5.835308e-03 -9.467923e-01)
400           	(4.877295e-01 8.366709e-03 -9.454941e-01)
401           	(5.104471e-01 5.330704e-03 -9.212607e-01)
402           	(4.960209e-01 6.424720e-03 -9.004741e-01)
403           	(4.982007e-01 1.842470e-03 -8.862760e-01)
404           	(4.900777e-01 2.441510e-03 -8.975857e-01)
405           	(4.923065e-01 -2.160275e-03 -8.910988e-01)
406           	(4.951173e-01 -1.003692e-03 -8.864425e-01)
407           	(4.961664e-01 -3.417065e-03 -8.704938e-01)
408           	(4.992929e-01 1.924314e-04 -8.475960e-01)
409           	(5.013190e-01 -2.130120e-04 -8.348772e-01)
410           	(5.121017e-01 4.359245e-03 -8.029415e-01)
411           	(5.212279e-01 4.467907e-03 -7.818336e-01)
412           	(5.477462e-01 8.886873e-03 -7.496123e-01)
413           	(5.441594e-01 6.746601e-03 -7.359148e-01)
414           	(5.642782e-01 7.664874e-03 -7.061792e-01)
415           	(5.600057e-01 5.222563e-03 -6.918509e-01)
416           	(5.780698e-01 8.530959e-03 -6.712839e-01)
417           	(5.737395e-01 8.205432e-03 -6.529815e-01)
418           	(5.693838e-01 1.451499e-02 -6.319227e-01)
419           	(5.665707e-01 1.579873e-02 -6.157479e-01)
420           	(5.862662e-01 2.091333e-02 -5.914002e-01)
421           	(5.839116e-01 1.956852e-02 -5.805515e-01)
422           	(5.909830e-01 2.136527e-02 -5.558571e-01)
423           	(5.923245e-01 1.833787e-02 -5.381003e-01)
424           	(5.818316e-01 1.919598e-02 -5.179505e-01)
425           	(5.845432e-01 1.640558e-02 -4.997482e-01)
426           	(5.884505e-01 1.534323e-02 -4.824321e-01)
427           	(5.912366e-01 7.869596e-03 -4.653741e-01)
428           	(6.159151e-01 4.878910e-03 -4.403518e-01)
429           	(6.190332e-01 -1.371738e-03 -4.347856e-01)
430           	(6.181082e-01 -2.862775e-04 -4.192622e-01)
431           	(6.050157e-01 -3.246794e-03 -4.221106e-01)
432           	(6.111073e-01 2.996728e-04 -4.170674e-01)
433           	(6.067043e-01 -1.634866e-03 -4.186752e-01)
434           	(6.088707e-01 2.164006e-03 -4.086504e-01)
435           	(6.090009e-01 -7.179707e-04 -4.006682e-01)
436           	(6.059684e-01 9.790126e-04 -3.928607e-01)
437           	(5.970112e-01 -1.068525e-02 -3.794525e-01)
438           	(5.936500e-01 -6.800601e-03 -3.889665e-01)
439           	(5.926645e-01 -7.414080e-03 -3.685104e-01)
440           	(5.749977e-01 -4.974243e-04 -3.683170e-01)
441           	(5.667827e-01 1.039968e-03 -3.657945e-01)
442           	(5.594679e-01 8.962539e-03 -3.669696e-01)
443           	(5.383211e-01 7.987681e-03 -3.678390e-01)
444           	(5.387438e-01 1.234820e-02 -3.493099e-01)
445           	(5.263010e-01 1.289824e-02 -3.423184e-01)
446           	(5.022182e-01 1.825920e-02 -3.334332e-01)
447           	(4.706752e-01 2.023306e-02 -3.433323e-01)
448           	(4.796805e-01 2.313377e-02 -3.018889e-01)
449           	(4.555634e-01 2.097784e-02 -2.943989e-01)
450           	(4.593740e-01 2.267766e-02 -2.597624e-01)
451           	(4.389263e-01 2.035394e-02 -2.508633e-01)
452           	(4.470804e-01 2.356294e-02 -2.159593e-01)
453           	(4.301012e-01 2.230222e-02 -2.158777e-01)
454           	(4.348102e-01 2.362465e-02 -1.645231e-01)
455           	(4.246071e-01 1.870212e-02 -1.572951e-01)
456           	(4.137999e-01 1.721961e-02 -1.140459e-01)
457           	(4.269864e-01 1.272803e-02 -7.485476e-02)
458           	(4.171179e-01 1.615693e-02 -5.532467e-02)
459           	(4.365503e-01 1.552055e-02 7.942634e-04)
460           	(4.343802e-01 2.099567e-02 3.985000e-02)
461           	(4.473698e-01 2.248994e-02 5.543092e-02)
462           	(4.491859e-01 2.929501e-02 9.246278e-02)
463           	(4.535420e-01 3.032595e-02 1.226421e-01)
464           	(4.594948e-01 3.363206e-02 1.535163e-01)
465           	(4.641900e-01 3.213209e-02 1.855404e-01)
466           	(4.637317e-01 3.314985e-02 2.210859e-01)
467           	(4.661390e-01 2.921280e-02 2.468307e-01)
468           	(4.719419e-01 2.853290e-02 2.804262e-01)
469           	(4.771493e-01 2.365691e-02 3.134580e-01)
470           	(4.835759e-01 2.286410e-02 3.454201e-01)
471           	(4.896191e-01 1.885255e-02 3.768150e-01)
472           	(4.619145e-01 1.955085e-02 4.195243e-01)
473           	(4.718937e-01 1.770412e-02 4.411482e-01)
474           	(4.750168e-01 1.775271e-02 4.672031e-01)
475           	(4.862695e-01 1.101725e-02 4.818346e-01)
476           	(4.934823e-01 9.450547e-03 5.018836e-01)
477           	(5.001723e-01 2.377823e-03 5.197492e-01)
478           	(5.070533e-01 1.233324e-03 5.372609e-01)
479           	(5.100227e-01 -1.819947e-02 5.570798e-01)
480           	(5.191916e-01 -1.048688e-02 5.718347e-01)
481           	(5.286540e-01 -1.837359e-02 5.851402e-01)
482           	(5.362047e-01 -8.736615e-03 5.960772e-01)
483           	(5.402507e-01 -9.279765e-03 6.074230e-01)
484           	(5.441311e-01 -1.112062e-03 6.160540e-01)
485           	(5.499584e-01 -6.759953e-03 6.349648e-01)
486           	(5.506976e-01 -2.946954e-03 6.457063e-01)
487           	(5.501030e-01 -1.373001e-02 6.552035e-01)
488           	(5.494788e-01 -9.078738e-03 6.655725e-01)
489           	(5.470524e-01 -1.535089e-02 6.742031e-01)
490           	(5.358660e-01 -7.787812e-03 6.831167e-01)
491           	(5.066427e-01 -1.352247e-02 6.739914e-01)
492           	(4.964013e-01 -8.131157e-03 6.753964e-01)
493           	(4.918225e-01 -1.535161e-02 6.818155e-01)
494           	(4.896489e-01 -7.816351e-03 6.894763e-01)
495           	(4.984018e-01 -1.085531e-02 6.999816e-01)
496           	(4.999043e-01 -3.015426e-03 7.074472e-01)
497           	(5.018097e-01 -6.485869e-03 7.142948e-01)
498           	(5.074232e-01 -4.108695e-04 7.261093e-01)
499           	(5.117326e-01 -6.235409e-03 7.315295e-01)
500           	(5.150794e-01 -1.121498e-03 7.342831e-01)
501           	(5.112814e-01 -5.225403e-03 7.264755e-01)
502           	(5.199290e-01 1.671833e-03 7.345815e-01)
503           	(5.186681e-01 -1.285912e-03 7.252786e-01)
504           	(5.251037e-01 5.352556e-03 7.332014e-01)
505           	(5.300016e-01 3.392916e-03 7.284252e-01)
506           	(5.345721e-01 1.064315e-02 7.172134e-01)
507           	(5.386932e-01 9.145040e-03 7.031740e-01)
508           	(5.437992e-01 1.558107e-02 6.859780e-01)
509           	(5.568312e-01 1.310299e-02 6.719269e-01)
510           	(5.575101e-01 1.709355e-02 6.417613e-01)
511           	(5.686722e-01 1.611203e-02 6.286854e-01)
512           	(5.759387e-01 2.080031e-02 6.046085e-01)
513           	(5.834663e-01 2.002704e-02 5.793823e-01)
514           	(5.930263e-01 2.377668e-02 5.549106e-01)
515           	(6.021084e-01 2.245520e-02 5.308172e-01)
516           	(6.111979e-01 2.653668e-02 5.083524e-01)
517           	(6.193106e-01 2.532424e-02 4.869119e-01)
518           	(6.281282e-01 2.842818e-02 4.674621e-01)
519           	(6.296639e-01 2.570694e-02 4.437320e-01)
520           	(6.376748e-01 2.629629e-02 4.285080e-01)
521           	(6.452836e-01 2.243408e-02 4.160412e-01)
522           	(6.541029e-01 2.291851e-02 4.067814e-01)
523           	(6.613965e-01 1.920004e-02 3.986177e-01)
524           	(6.703722e-01 1.819175e-02 3.934199e-01)
525           	(6.784840e-01 1.536224e-02 3.906902e-01)
526           	(6.879588e-01 1.625536e-02 3.901295e-01)
527           	(6.964316e-01 1.315440e-02 3.913371e-01)
528           	(7.054990e-01 1.403729e-02 3.936094e-01)
529           	(7.198734e-01 1.047277e-02 4.100552e-01)
530           	(7.284238e-01 1.166185e-02 4.150232e-01)
531           	(7.455291e-01 9.040435e-03 4.069832e-01)
532           	(7.523766e-01 1.236713e-02 4.106978e-01)
533           	(7.591962e-01 9.897165e-03 4.182973e-01)
534           	(7.634343e-01 1.460773e-02 4.234764e-01)
535           	(7.645384e-01 1.171506e-02 4.274382e-01)
536           	(7.697389e-01 1.607155e-02 4.314128e-01)
537           	(7.690601e-01 1.234657e-02 4.337667e-01)
538           	(7.678343e-01 1.656326e-02 4.225372e-01)
539           	(7.716856e-01 1.362702e-02 4.326249e-01)
540           	(7.804808e-01 1.942713e-02 4.768141e-01)
541           	(7.792184e-01 1.520677e-02 4.751131e-01)
542           	(7.782328e-01 2.011921e-02 4.725811e-01)
543           	(7.742086e-01 1.565148e-02 4.667060e-01)
544           	(7.684412e-01 2.078200e-02 4.782999e-01)
545           	(7.732095e-01 1.802314e-02 4.862323e-01)
546           	(7.674123e-01 2.247902e-02 4.789130e-01)
547           	(7.667370e-01 1.821641e-02 4.647475e-01)
548           	(7.310501e-01 2.183137e-02 4.645706e-01)
549           	(7.349555e-01 1.827029e-02 4.663930e-01)
550           	(7.160415e-01 2.166286e-02 4.430373e-01)
551           	(7.084975e-01 1.615750e-02 4.305506e-01)
552           	(6.993797e-01 1.865680e-02 4.152715e-01)
553           	(6.827861e-01 1.328062e-02 3.873558e-01)
554           	(6.734277e-01 1.554988e-02 3.694889e-01)
555           	(6.279790e-01 9.814758e-03 3.362707e-01)
556           	(6.107097e-01 1.144126e-02 3.260765e-01)
557           	(5.967282e-01 6.025992e-03 2.902777e-01)
558           	(5.867361e-01 8.784338e-03 2.705542e-01)
559           	(5.788558e-01 6.563508e-04 2.532118e-01)
560           	(5.674482e-01 -3.337305e-03 2.418837e-01)
561           	(5.426433e-01 -1.378165e-02 2.126637e-01)
562           	(5.364454e-01 -6.928845e-03 2.026956e-01)
563           	(5.360293e-01 -8.060169e-03 1.824415e-01)
564           	(5.282643e-01 -7.971172e-03 1.767516e-01)
565           	(5.172140e-01 -1.764048e-02 1.625535e-01)
566           	(5.113595e-01 -1.061977e-02 1.602169e-01)
567           	(5.049303e-01 -8.759111e-03 1.583483e-01)
568           	(4.956714e-01 4.655960e-03 1.543922e-01)
569           	(4.787819e-01 7.816094e-03 1.244589e-01)
570           	(4.638705e-01 1.673455e-02 1.352514e-01)
571           	(4.720902e-01 1.488662e-02 1.065488e-01)
572           	(4.621785e-01 1.631776e-02 1.006101e-01)
573           	(4.573089e-01 1.035389e-02 1.026080e-01)
574           	(4.508426e-01 7.596700e-03 9.984711e-02)
575           	(4.470508e-01 5.146653e-03 9.991661e-02)
576           	(4.397589e-01 8.138597e-03 9.629049e-02)
577           	(4.269676e-01 8.150159e-03 1.146053e-01)
578           	(4.235088e-01 1.074322e-02 1.234441e-01)
579           	(4.290439e-01 9.580985e-03 1.180819e-01)
580           	(4.221822e-01 1.127699e-02 1.176612e-01)
581           	(4.166217e-01 1.025953e-02 1.218054e-01)
582           	(4.103033e-01 1.232359e-02 1.221374e-01)
583           	(4.115115e-01 1.093829e-02 1.105824e-01)
584           	(4.011278e-01 1.199932e-02 1.293472e-01)
585           	(3.971771e-01 9.176383e-03 1.360616e-01)
586           	(4.136656e-01 1.067980e-02 1.415753e-01)
587           	(4.200058e-01 6.792379e-03 1.348240e-01)
588           	(4.126109e-01 9.024910e-03 1.574934e-01)
589           	(4.115021e-01 1.014323e-02 1.700104e-01)
590           	(4.092472e-01 1.522086e-02 1.806166e-01)
591           	(4.088252e-01 1.610308e-02 2.181822e-01)
592           	(4.123768e-01 1.984620e-02 2.549661e-01)
593           	(4.073311e-01 1.738027e-02 2.564887e-01)
594           	(4.058689e-01 2.004957e-02 2.773346e-01)
595           	(4.047848e-01 1.778271e-02 3.028864e-01)
596           	(4.036491e-01 2.102914e-02 3.270376e-01)
597           	(4.035724e-01 1.862598e-02 3.550475e-01)
598           	(4.040790e-01 2.383200e-02 3.822350e-01)
599           	(4.053388e-01 2.205472e-02 4.129191e-01)
600           	(4.066706e-01 2.847101e-02 4.432441e-01)
601           	(4.087269e-01 2.559007e-02 4.771327e-01)
602           	(4.104106e-01 3.041456e-02 5.104070e-01)
603           	(4.255435e-01 2.383979e-02 5.615890e-01)
604           	(4.270221e-01 2.687789e-02 5.977004e-01)
605           	(4.282417e-01 1.955791e-02 6.357053e-01)
606           	(4.287451e-01 2.258974e-02 6.729576e-01)
607           	(4.288916e-01 1.321248e-02 7.111883e-01)
608           	(4.289120e-01 1.533489e-02 7.484122e-01)
609           	(4.290142e-01 4.314270e-03 7.865461e-01)
610           	(4.302470e-01 5.729263e-03 8.236395e-01)
611           	(4.332374e-01 -7.754834e-03 8.713512e-01)
612           	(3.944527e-01 -6.196298e-03 8.799616e-01)
613           	(4.059033e-01 -5.946334e-03 9.328316e-01)
614           	(4.608272e-01 6.890842e-03 9.921335e-01)
615           	(4.435360e-01 2.647498e-03 1.044084e+00)
616           	(4.397079e-01 1.014540e-02 1.085530e+00)
617           	(4.354815e-01 2.407174e-03 1.123101e+00)
618           	(4.330113e-01 1.153704e-02 1.157173e+00)
619           	(4.343744e-01 1.495737e-03 1.210767e+00)
620           	(4.310582e-01 9.052158e-03 1.267234e+00)
621           	(4.280351e-01 1.146393e-03 1.307052e+00)
622           	(4.267290e-01 1.403293e-02 1.342413e+00)
623           	(4.254338e-01 6.835972e-03 1.377353e+00)
624           	(4.134001e-01 1.964463e-02 1.430686e+00)
625           	(4.108114e-01 1.105732e-02 1.471710e+00)
626           	(4.096828e-01 2.047134e-02 1.504110e+00)
627           	(4.052074e-01 1.015291e-02 1.536985e+00)
628           	(3.993794e-01 2.037517e-02 1.563182e+00)
629           	(3.940271e-01 1.238500e-02 1.589574e+00)
630           	(3.890873e-01 2.187841e-02 1.608846e+00)
631           	(3.841565e-01 1.214280e-02 1.631208e+00)
632           	(3.789688e-01 2.084372e-02 1.647590e+00)
633           	(3.741745e-01 1.276901e-02 1.666819e+00)
634           	(3.687074e-01 2.196092e-02 1.680146e+00)
635           	(3.638618e-01 1.399257e-02 1.696582e+00)
636           	(3.620557e-01 2.311860e-02 1.673554e+00)
637           	(3.578302e-01 1.748312e-02 1.687305e+00)
638           	(3.532433e-01 2.725366e-02 1.694727e+00)
639           	(3.501892e-01 1.599355e-02 1.705953e+00)
640           	(3.464883e-01 2.409852e-02 1.710537e+00)
641           	(3.442558e-01 1.295248e-02 1.719539e+00)
642           	(3.414722e-01 2.263560e-02 1.722094e+00)
643           	(3.400563e-01 1.213525e-02 1.729879e+00)
644           	(3.380566e-01 2.324644e-02 1.731972e+00)
645           	(3.373748e-01 1.160490e-02 1.738865e+00)
646           	(3.276304e-01 2.355632e-02 1.766648e+00)
647           	(3.276951e-01 1.138241e-02 1.773533e+00)
648           	(3.277763e-01 2.416436e-02 1.777002e+00)
649           	(3.287058e-01 1.061387e-02 1.783354e+00)
650           	(3.299695e-01 2.451647e-02 1.786065e+00)
651           	(3.319092e-01 1.189663e-02 1.791271e+00)
652           	(3.333945e-01 2.597161e-02 1.763530e+00)
653           	(3.556403e-01 1.766677e-02 1.791021e+00)
654           	(3.603775e-01 3.535219e-02 1.794594e+00)
655           	(3.641592e-01 2.357843e-02 1.797335e+00)
656           	(3.686146e-01 3.432469e-02 1.799688e+00)
657           	(3.737525e-01 1.845862e-02 1.774111e+00)
658           	(3.770683e-01 2.834568e-02 1.803609e+00)
659           	(3.807615e-01 1.553198e-02 1.778254e+00)
660           	(3.862859e-01 2.703148e-02 1.807599e+00)
661           	(3.903241e-01 1.589024e-02 1.810690e+00)
662           	(3.959529e-01 2.843137e-02 1.813248e+00)
663           	(3.999249e-01 1.860659e-02 1.817176e+00)
664           	(4.058601e-01 2.982376e-02 1.820601e+00)
665           	(4.062615e-01 1.977448e-02 1.862051e+00)
666           	(4.124075e-01 2.352815e-02 1.869745e+00)
667           	(4.141546e-01 1.442711e-02 1.878108e+00)
668           	(4.200036e-01 2.342867e-02 1.883330e+00)
669           	(4.215788e-01 1.723670e-02 1.890605e+00)
670           	(4.276597e-01 2.574259e-02 1.895498e+00)
671           	(4.286473e-01 1.901200e-02 1.902703e+00)
672           	(4.340148e-01 2.622434e-02 1.907482e+00)
673           	(4.346560e-01 1.763427e-02 1.914407e+00)
674           	(4.401800e-01 2.287647e-02 1.918910e+00)
675           	(4.405580e-01 1.417837e-02 1.925751e+00)
676           	(4.456725e-01 2.083133e-02 1.930140e+00)
677           	(4.458543e-01 1.267388e-02 1.936797e+00)
678           	(4.509414e-01 1.931042e-02 1.941093e+00)
679           	(4.669119e-01 1.182476e-02 1.963255e+00)
680           	(4.715968e-01 1.849548e-02 1.967746e+00)
681           	(4.704690e-01 1.086476e-02 1.974111e+00)
682           	(4.739295e-01 1.875815e-02 1.977939e+00)
683           	(4.720821e-01 1.106369e-02 1.983881e+00)
684           	(4.749104e-01 1.993677e-02 1.987234e+00)
685           	(4.967392e-01 1.129964e-02 2.016410e+00)
686           	(5.009910e-01 1.832524e-02 2.020532e+00)
687           	(4.994161e-01 9.991098e-03 2.026289e+00)
688           	(5.011803e-01 1.943858e-02 2.027943e+00)
689           	(4.983112e-01 1.037145e-02 2.032788e+00)
690           	(4.993527e-01 1.912436e-02 2.033782e+00)
691           	(4.959700e-01 9.665895e-03 2.038498e+00)
692           	(4.959409e-01 1.775868e-02 2.039346e+00)
693           	(4.927806e-01 6.982793e-03 2.045344e+00)
694           	(4.934194e-01 1.455377e-02 2.044489e+00)
695           	(4.901671e-01 6.620964e-03 2.047208e+00)
696           	(4.899460e-01 1.721344e-02 2.045251e+00)
697           	(4.866233e-01 7.802905e-03 2.047375e+00)
698           	(4.873303e-01 1.696546e-02 2.042826e+00)
699           	(4.845042e-01 7.871151e-03 2.041657e+00)
700           	(4.841213e-01 1.862874e-02 2.037623e+00)
701           	(4.730936e-01 7.442532e-03 1.998873e+00)
702           	(4.805305e-01 1.261172e-02 2.029398e+00)
703           	(4.781954e-01 1.278241e-03 2.024776e+00)
704           	(4.785332e-01 1.269785e-02 2.018866e+00)
705           	(4.756027e-01 8.988486e-04 2.014729e+00)
706           	(4.760764e-01 1.494762e-02 2.005274e+00)
707           	(3.997658e-01 2.960231e-03 1.982113e+00)
708           	(3.973994e-01 1.272718e-02 1.972846e+00)
709           	(3.876466e-01 -1.895314e-03 1.924691e+00)
710           	(3.956306e-01 5.685404e-03 1.952467e+00)
711           	(3.943899e-01 -4.636464e-03 1.941234e+00)
712           	(3.956889e-01 1.120712e-02 1.927143e+00)
713           	(3.957461e-01 8.075757e-04 1.913026e+00)
714           	(3.974485e-01 1.596929e-02 1.896774e+00)
715           	(3.976065e-01 6.563807e-03 1.881044e+00)
716           	(3.995001e-01 2.058776e-02 1.863875e+00)
717           	(4.006819e-01 9.682170e-03 1.847137e+00)
718           	(4.015267e-01 2.250320e-02 1.829950e+00)
719           	(4.021881e-01 1.030535e-02 1.813033e+00)
720           	(4.050904e-01 1.914596e-02 1.795339e+00)
721           	(4.077769e-01 7.998910e-03 1.777230e+00)
722           	(4.136011e-01 1.669889e-02 1.759460e+00)
723           	(4.185187e-01 4.460166e-03 1.741911e+00)
724           	(4.264243e-01 1.097401e-02 1.725443e+00)
725           	(4.287175e-01 -4.452092e-03 1.667291e+00)
726           	(4.491901e-01 -6.973602e-03 1.679537e+00)
727           	(4.605155e-01 -2.788851e-02 1.670457e+00)
728           	(4.742361e-01 -8.696968e-03 1.657619e+00)
729           	(4.831083e-01 -9.058843e-03 1.642460e+00)
730           	(5.281101e-01 1.985158e-02 1.631147e+00)
731           	(5.394405e-01 2.531966e-02 1.608867e+00)
732           	(5.451449e-01 5.034980e-02 1.592746e+00)
733           	(4.943147e-01 4.645796e-02 1.632208e+00)
734           	(4.971860e-01 6.288764e-02 1.625358e+00)
735           	(4.964957e-01 5.252412e-02 1.610620e+00)
736           	(4.974590e-01 6.492946e-02 1.592365e+00)
737           	(4.957595e-01 5.063284e-02 1.567816e+00)
738           	(4.947936e-01 6.178936e-02 1.544174e+00)
739           	(4.925882e-01 4.469233e-02 1.517319e+00)
740           	(3.523677e-01 5.371601e-02 1.421770e+00)
741           	(4.839511e-01 3.781291e-02 1.464369e+00)
742           	(3.417338e-01 4.891238e-02 1.370515e+00)
743           	(3.328693e-01 3.624026e-02 1.344147e+00)
744           	(3.255202e-01 4.858000e-02 1.316791e+00)
745           	(3.163543e-01 3.290557e-02 1.288626e+00)
746           	(2.586848e-01 4.564767e-02 1.148682e+00)
747           	(2.518709e-01 3.004075e-02 1.111246e+00)
748           	(2.442425e-01 5.068547e-02 1.075320e+00)
749           	(2.138441e-01 3.312802e-02 1.003420e+00)
750           	(1.929619e-01 5.355598e-02 9.174893e-01)
751           	(1.854335e-01 3.346392e-02 8.773055e-01)
752           	(1.815160e-01 5.402039e-02 8.356578e-01)
753           	(1.745152e-01 2.826179e-02 7.928382e-01)
754           	(1.714628e-01 4.976204e-02 7.505336e-01)
755           	(1.648780e-01 2.641139e-02 7.073369e-01)
756           	(1.612722e-01 4.733922e-02 6.642911e-01)
757           	(1.538244e-01 2.207006e-02 6.201466e-01)
758           	(1.618114e-01 4.436689e-02 6.263540e-01)
759           	(1.536629e-01 2.171440e-02 5.826856e-01)
760           	(1.496417e-01 4.337438e-02 5.382784e-01)
761           	(1.406356e-01 1.941610e-02 4.932061e-01)
762           	(1.345460e-01 4.223116e-02 4.489492e-01)
763           	(1.245007e-01 2.278228e-02 4.051205e-01)
764           	(1.175624e-01 4.258672e-02 3.595851e-01)
765           	(1.054773e-01 1.557700e-02 3.157270e-01)
766           	(9.713254e-02 3.562246e-02 2.726909e-01)
767           	(1.075543e-01 1.379572e-02 2.591269e-01)
768           	(9.969008e-02 3.366105e-02 2.192997e-01)
769           	(8.666492e-02 1.069653e-02 1.812287e-01)
770           	(7.753025e-02 3.457396e-02 1.449518e-01)
771           	(6.325844e-02 2.053444e-02 1.122322e-01)
772           	(5.012924e-02 4.216568e-02 7.753340e-02)
773           	(6.439573e-02 1.760890e-02 8.843615e-02)
774           	(5.160821e-02 3.476677e-02 6.164239e-02)
775           	(3.333268e-02 1.128140e-02 3.553021e-02)
776           	(1.648588e-02 3.709832e-02 9.496563e-03)
777           	(-3.428611e-03 2.316523e-02 -1.094921e-02)
778           	(-2.218288e-02 4.566099e-02 -3.436955e-02)
779           	(-4.483206e-02 2.035311e-02 -5.321764e-02)
780           	(-6.437792e-02 4.200350e-02 -7.156419e-02)
781           	(-8.976429e-02 1.864647e-02 -8.450381e-02)
782           	(-1.109730e-01 4.314594e-02 -9.740619e-02)
783           	(-1.364804e-01 2.708004e-02 -1.030063e-01)
784           	(-1.583972e-01 4.723369e-02 -1.133286e-01)
785           	(-3.037655e-01 1.935515e-02 -1.040887e-01)
786           	(-3.440318e-01 2.810535e-02 -1.127582e-01)
787           	(-3.793501e-01 4.226887e-03 -1.151413e-01)
788           	(-4.062458e-01 3.056369e-02 -1.172272e-01)
789           	(-4.368883e-01 1.509375e-02 -1.123795e-01)
790           	(-4.637682e-01 3.915472e-02 -1.125449e-01)
791           	(-4.966553e-01 1.323486e-02 -1.076324e-01)
792           	(-5.237248e-01 3.842639e-02 -1.047179e-01)
793           	(-5.561998e-01 1.499373e-02 -9.660653e-02)
794           	(-5.826508e-01 4.269752e-02 -9.089740e-02)
795           	(-6.135835e-01 2.678804e-02 -7.796010e-02)
796           	(-6.402848e-01 4.988454e-02 -7.366898e-02)
797           	(-6.741425e-01 2.055954e-02 -6.499365e-02)
798           	(-7.019464e-01 4.538121e-02 -6.060453e-02)
799           	(-5.297778e-01 1.943573e-02 4.169767e-02)
800           	(-7.614676e-01 4.568453e-02 -4.568113e-02)
801           	(-5.850819e-01 2.544950e-02 6.225200e-02)
802           	(-6.051438e-01 4.920324e-02 6.989643e-02)
803           	(-6.324535e-01 1.691469e-02 8.141403e-02)
804           	(-6.537404e-01 4.379430e-02 8.928758e-02)
805           	(-6.791894e-01 1.855446e-02 1.011349e-01)
806           	(-8.161080e-01 4.446533e-02 -6.826975e-02)
807           	(-8.450291e-01 1.386368e-02 -6.072549e-02)
808           	(-8.630583e-01 4.475068e-02 -4.870727e-02)
809           	(-8.884597e-01 2.241828e-02 -4.008360e-02)
810           	(-9.042159e-01 4.521717e-02 -2.870453e-02)
811           	(-9.288965e-01 8.833015e-03 -2.135188e-02)
812           	(-9.427217e-01 3.289137e-02 -8.027271e-03)
813           	(-9.650001e-01 3.270836e-03 1.555497e-03)
814           	(-9.757827e-01 3.103077e-02 1.594147e-02)
815           	(-9.948034e-01 2.955083e-03 2.573643e-02)
816           	(-1.002124e+00 3.609868e-02 4.176302e-02)
817           	(-1.017518e+00 1.536043e-02 5.419185e-02)
818           	(-1.022179e+00 4.455460e-02 6.870300e-02)
819           	(-1.035691e+00 1.278083e-02 7.788205e-02)
820           	(-1.036967e+00 4.364605e-02 9.351479e-02)
821           	(-1.047788e+00 1.750581e-02 1.035022e-01)
822           	(-1.045890e+00 4.702527e-02 1.193793e-01)
823           	(-1.054569e+00 1.749007e-02 1.306854e-01)
824           	(-1.084858e+00 4.868946e-02 4.440016e-02)
825           	(-1.055953e+00 2.667874e-02 1.616535e-01)
826           	(-1.083317e+00 5.475748e-02 7.429595e-02)
827           	(-1.089088e+00 2.367765e-02 8.548462e-02)
828           	(-1.081212e+00 5.377319e-02 1.037635e-01)
829           	(-1.086576e+00 2.925435e-02 1.170669e-01)
830           	(-1.078003e+00 5.945520e-02 1.364525e-01)
831           	(-1.112862e+00 3.212978e-02 2.934380e-01)
832           	(-1.076644e+00 6.339175e-02 1.719862e-01)
833           	(-1.113961e+00 3.584336e-02 3.455450e-01)
834           	(-1.075528e+00 5.902840e-02 2.124873e-01)
835           	(-1.116803e+00 2.854688e-02 3.902509e-01)
836           	(-1.112303e+00 5.359177e-02 4.164570e-01)
837           	(-1.124216e+00 3.504637e-02 4.371211e-01)
838           	(-1.119534e+00 5.839071e-02 4.555078e-01)
839           	(-1.132174e+00 3.508772e-02 4.698625e-01)
840           	(-1.127576e+00 6.137440e-02 4.860107e-01)
841           	(-1.140637e+00 4.605508e-02 5.001229e-01)
842           	(-1.136085e+00 7.091935e-02 5.154883e-01)
843           	(-1.149672e+00 4.989633e-02 5.290680e-01)
844           	(-1.145340e+00 7.376429e-02 5.452582e-01)
845           	(-1.159540e+00 5.362476e-02 5.600668e-01)
846           	(-1.128743e+00 7.003729e-02 6.957588e-01)
847           	(-1.168949e+00 4.032336e-02 5.866566e-01)
848           	(-1.136573e+00 5.633455e-02 7.220180e-01)
849           	(-1.177424e+00 2.948191e-02 6.118430e-01)
850           	(-1.142502e+00 4.282748e-02 7.459274e-01)
851           	(-1.154913e+00 1.067191e-02 7.564188e-01)
852           	(-1.146460e+00 2.883494e-02 7.665781e-01)
853           	(-1.157196e+00 3.987881e-03 7.746000e-01)
854           	(-1.146661e+00 2.002201e-02 7.808311e-01)
855           	(-1.155063e+00 -1.374860e-02 7.840629e-01)
856           	(-1.141680e+00 1.847467e-03 7.869215e-01)
857           	(-1.198729e+00 -2.994529e-02 6.952241e-01)
858           	(-1.182311e+00 -1.506043e-02 6.923333e-01)
859           	(-1.184759e+00 -5.016159e-02 6.861722e-01)
860           	(-1.166539e+00 -2.092347e-02 6.792872e-01)
861           	(-9.721375e-01 -3.616119e-02 9.394839e-01)
862           	(-1.273888e+00 1.033627e-02 7.707604e-01)
863           	(-1.284941e+00 4.073203e-03 7.633181e-01)
864           	(-1.281836e+00 6.235958e-02 7.442550e-01)
865           	(-1.295921e+00 5.891393e-02 7.282489e-01)
866           	(-1.332177e+00 9.993066e-02 5.669224e-01)
867           	(-1.314570e+00 7.059304e-02 6.796349e-01)
868           	(-1.319236e+00 1.032669e-01 6.553896e-01)
869           	(-1.341470e+00 7.915180e-02 6.358521e-01)
870           	(-1.348840e+00 1.019039e-01 6.098307e-01)
871           	(-1.564957e+00 6.358621e-02 3.256518e-01)
872           	(-1.572405e+00 9.079063e-02 3.080184e-01)
873           	(-1.603295e+00 6.722123e-02 2.918207e-01)
874           	(-1.612658e+00 9.661499e-02 2.767647e-01)
875           	(-1.645301e+00 7.033258e-02 2.631319e-01)
876           	(-1.655284e+00 9.964063e-02 2.520287e-01)
877           	(-1.688144e+00 7.943523e-02 2.423554e-01)
878           	(-1.698032e+00 1.064699e-01 2.321521e-01)
879           	(-1.780650e+00 8.077221e-02 8.233771e-02)
880           	(-1.396481e+00 1.060054e-01 3.710012e-01)
881           	(-1.377506e+00 7.953856e-02 2.559348e-01)
882           	(-1.384768e+00 8.728543e-02 2.517463e-01)
883           	(-1.415336e+00 3.956697e-02 2.462935e-01)
884           	(-1.423111e+00 4.868979e-02 2.407678e-01)
885           	(-1.450843e+00 7.462402e-03 2.369306e-01)
886           	(-1.453545e+00 1.991508e-02 2.344896e-01)
887           	(-1.469620e+00 -8.281006e-03 2.398555e-01)
888           	(-1.532277e+00 -1.477223e-02 1.216232e-01)
889           	(-1.541664e+00 -9.483495e-02 8.805213e-02)
890           	(-1.524220e+00 -9.089798e-02 1.053796e-01)
891           	(-1.524568e+00 -1.214148e-01 1.177303e-01)
892           	(-1.430908e+00 -6.286357e-02 7.154770e-02)
893           	(-1.480053e+00 -5.827131e-02 -1.093764e-01)
894           	(-1.477865e+00 -1.161064e-02 -2.334950e-01)
895           	(-1.513515e+00 -5.815626e-02 -1.632385e-01)
896           	(-1.495558e+00 -5.272246e-02 -1.370973e-01)
897           	(-1.471748e+00 -9.591885e-02 -5.688763e-02)
898           	(-1.637785e+00 -3.949543e-02 5.411498e-02)
899           	(-1.623466e+00 -2.330232e-02 4.973982e-02)
900           	(-1.731952e+00 6.114892e-02 -2.369998e-03)
901           	(-1.718741e+00 7.308231e-02 1.193927e-01)
902           	(-1.703172e+00 1.495781e-01 8.233803e-02)
903           	(-1.663686e+00 1.288779e-01 2.309840e-01)
904           	(-1.662123e+00 1.704102e-01 2.181745e-01)
905           	(-1.687150e+00 1.294937e-01 2.189619e-01)
906           	(-1.699708e+00 1.437316e-01 2.165815e-01)
907           	(-1.734303e+00 7.057116e-02 2.239602e-01)
908           	(-1.745939e+00 8.963687e-02 2.392112e-01)
909           	(-1.779990e+00 3.484194e-02 2.609592e-01)
910           	(-1.827883e+00 7.669161e-02 9.969118e-02)
911           	(-1.813070e+00 5.498228e-02 3.282284e-01)
912           	(-2.101316e+00 9.693238e-02 -1.644920e-01)
913           	(-2.089556e+00 5.563410e-02 6.008251e-02)
914           	(-2.129468e+00 9.990590e-02 -9.228554e-02)
915           	(-2.114040e+00 5.870200e-02 1.366135e-01)
916           	(-2.150987e+00 1.075925e-01 -1.008743e-02)
917           	(-2.173006e+00 8.820782e-02 3.804364e-02)
918           	(-2.166937e+00 1.276011e-01 8.266610e-02)
919           	(-2.194536e+00 8.460029e-02 1.223470e-01)
920           	(-2.191773e+00 1.276805e-01 1.625793e-01)
921           	(-2.223514e+00 6.858542e-02 1.972807e-01)
922           	(-1.775723e+00 1.068402e-01 4.854766e-01)
923           	(-1.739867e+00 6.228210e-02 8.456113e-01)
924           	(-1.709351e+00 7.844654e-02 7.284164e-01)
925           	(-1.765404e+00 1.306199e-02 9.336634e-01)
926           	(-1.737127e+00 3.149482e-02 8.024127e-01)
927           	(-1.794857e+00 -4.692773e-02 1.002898e+00)
928           	(-1.762500e+00 -1.737835e-02 8.719920e-01)
929           	(-1.827856e+00 -6.583204e-02 9.707217e-01)
930           	(-1.816953e+00 -2.839760e-02 1.009353e+00)
931           	(-1.861189e+00 -8.219898e-02 1.210330e+00)
932           	(-1.817788e+00 -3.566121e-02 1.076389e+00)
933           	(-1.855315e+00 -7.709519e-02 1.282106e+00)
934           	(-1.800397e+00 -3.863072e-02 1.133358e+00)
935           	(-1.803601e+00 -1.023745e-01 1.155517e+00)
936           	(-1.767336e+00 -7.456003e-02 1.179839e+00)
937           	(-1.759564e+00 -1.267506e-01 1.206034e+00)
938           	(-1.910074e+00 -1.017140e-01 1.337326e+00)
939           	(-1.893445e+00 -1.452296e-01 1.410052e+00)
940           	(-1.873366e+00 -6.043164e-02 1.428155e+00)
941           	(-1.913058e+00 -6.632904e-02 1.623368e+00)
942           	(-1.870377e+00 4.538372e-02 1.442650e+00)
943           	(-1.910428e+00 6.308655e-02 1.651733e+00)
944           	(-1.872847e+00 1.339584e-01 1.456627e+00)
945           	(-1.926468e+00 9.879723e-02 1.663216e+00)
946           	(-1.928271e+00 1.402073e-01 1.669175e+00)
947           	(-1.972333e+00 6.372984e-02 1.677209e+00)
948           	(-1.983287e+00 1.023613e-01 1.691455e+00)
949           	(-2.033287e+00 3.384459e-02 1.712506e+00)
950           	(-2.047822e+00 8.200778e-02 1.745300e+00)
951           	(-2.092265e+00 5.600054e-02 1.795411e+00)
952           	(-2.430268e+00 9.730004e-02 1.394017e+00)
953           	(-2.483410e+00 6.833281e-02 1.441794e+00)
954           	(-2.500515e+00 1.073277e-01 1.483618e+00)
955           	(-2.558042e+00 7.743011e-02 1.529475e+00)
956           	(-2.574568e+00 1.207206e-01 1.576077e+00)
957           	(-2.637647e+00 7.928525e-02 1.619459e+00)
958           	(-2.653808e+00 1.365415e-01 1.674970e+00)
959           	(-2.719624e+00 1.134136e-01 1.725366e+00)
960           	(-2.736554e+00 1.654788e-01 1.784890e+00)
961           	(-2.797557e+00 1.285903e-01 1.839186e+00)
962           	(-2.235162e+00 1.547646e-01 2.238298e+00)
963           	(-2.289365e+00 7.691932e-02 2.299952e+00)
964           	(-2.304003e+00 9.378661e-02 2.360458e+00)
965           	(-2.370674e+00 2.631910e-02 2.412508e+00)
966           	(-2.385289e+00 4.715103e-02 2.467416e+00)
967           	(-2.446297e+00 -1.819250e-02 2.516807e+00)
968           	(-2.451439e+00 9.457756e-03 2.570030e+00)
969           	(-2.501126e+00 -4.582561e-02 2.616775e+00)
970           	(-2.493867e+00 -1.060879e-02 2.664187e+00)
971           	(-2.613756e+00 -6.118332e-02 2.425635e+00)
972           	(-2.566618e+00 -9.222845e-03 2.219159e+00)
973           	(-2.625103e+00 -2.385387e-02 2.498033e+00)
974           	(-2.575609e+00 1.609217e-02 2.287715e+00)
975           	(-2.601530e+00 -5.004829e-02 2.309438e+00)
976           	(-2.577207e+00 -2.697422e-02 2.331481e+00)
977           	(-2.597884e+00 -1.077621e-01 2.346581e+00)
978           	(-2.564953e+00 -8.376137e-02 2.363851e+00)
979           	(-2.816904e+00 -1.340342e-01 2.534691e+00)
980           	(-2.785378e+00 -7.130097e-02 2.599058e+00)
981           	(-2.808862e+00 -9.289520e-02 2.625010e+00)
982           	(-2.800981e+00 3.163938e-02 2.622313e+00)
983           	(-2.779327e+00 3.667470e-02 3.161730e+00)
984           	(-2.740634e+00 1.513278e-01 2.910446e+00)
985           	(-2.806820e+00 1.596651e-01 3.186324e+00)
986           	(-2.813223e+00 2.176971e-01 3.187839e+00)
987           	(-2.864056e+00 1.729940e-01 3.207276e+00)
988           	(-2.886154e+00 1.902489e-01 3.211897e+00)
989           	(-2.951797e+00 1.212347e-01 3.243220e+00)
990           	(-2.983292e+00 1.430737e-01 3.270008e+00)
991           	(-3.485747e+00 9.099338e-02 2.740890e+00)
992           	(-3.518240e+00 1.407107e-01 2.797960e+00)
993           	(-3.608517e+00 8.766173e-02 2.857356e+00)
994           	(-3.644088e+00 1.524905e-01 2.933581e+00)
995           	(-3.739519e+00 1.203558e-01 3.007116e+00)
996           	(-3.833769e+00 1.946042e-01 2.827501e+00)
997           	(-4.044152e+00 2.130471e-01 2.591503e+00)
998           	(-4.097495e+00 2.692502e-01 2.673889e+00)
999           	(-4.197764e+00 2.518328e-01 2.767591e+00)
1000          	(-4.254125e+00 2.656515e-01 2.843236e+00)
