/*--------------------------------*- C++ -*----------------------------------*\
| =========                 |                                                 |
| \\      /  F ield         | OpenFOAM: The Open Source CFD Toolbox           |
|  \\    /   O peration     | Version:  2506                                  |
|   \\  /    A nd           | Website:  www.openfoam.com                      |
|    \\/     M anipulation  |                                                 |
\*---------------------------------------------------------------------------*/
FoamFile
{
    version     2.0;
    format      ascii;
    arch        "LSB;label=32;scalar=64";
    class       faceSet;
    location    "constant/polyMesh/sets";
    object      nonOrthoFaces;
}
// * * * * * * * * * * * * * * * * * * * * * * * * * * * * * * * * * * * * * //


692
(
4096
4097
71682
12290
71684
24583
71688
24585
18443
24590
4110
12303
71697
18449
12305
4114
12308
71702
4119
71704
71708
24604
71709
71713
18467
18468
71717
18469
18470
4134
71720
24620
71725
71727
24623
71728
18482
18483
71732
18485
18486
18488
71737
18490
4154
71739
71741
71743
69696
71746
71748
69700
71751
69703
71752
71753
4169
71754
69707
71756
4172
71758
4174
71759
71762
4178
71763
69715
71764
69716
4183
71771
71775
20576
71777
71780
20580
4196
71781
20582
20583
69736
20586
71787
71790
20595
20596
4215
20602
69760
20616
20617
14474
20620
20622
4240
4241
20626
20631
69787
20636
14494
4254
4258
20644
4263
69806
69809
14516
20663
20669
69823
69825
14529
69828
14532
14535
14538
2250
20687
20688
14544
20689
20690
20702
2270
20703
14559
20705
14561
20706
20708
14566
20711
14580
2292
2305
2308
2311
2314
14603
14606
2320
2335
2337
2342
2356
2379
2382
27043
27046
63922
63925
27061
63927
27063
27065
27066
27068
63937
63939
27075
63941
27077
63942
63943
27079
63944
29128
27080
27081
27084
63951
27088
63953
63954
63955
63956
63957
63958
29144
27096
63961
27099
63965
63967
63968
63970
63971
63972
29160
63978
27115
63983
29169
29171
29173
27125
29174
63993
27129
63994
29178
63996
63997
64001
27137
27140
64005
27141
29191
64008
64009
29193
64012
27149
29198
64015
27154
64019
64022
27158
64026
27162
64028
29212
64029
27165
64030
27166
64031
29228
29231
16960
16964
8774
16968
16971
16979
16980
8794
8809
17004
8812
8814
8818
8823
17024
8836
8855
17053
8880
8881
17074
17077
8894
17088
10944
17089
8898
17092
10948
10951
8903
10954
25296
10963
10964
25301
25304
25305
25309
25319
25320
10984
25328
11004
25344
19200
25345
19204
25349
19206
19207
25352
19210
25357
25362
19219
19220
25368
19226
11037
25376
19240
19241
19244
19246
11055
19250
11058
25395
19255
25401
19260
11071
11073
19268
11076
25422
25423
25424
25425
19287
11096
19293
25438
25439
17248
25441
25442
17251
25444
17254
25447
17256
11112
19311
17263
19312
17264
19313
19314
11128
19326
19327
19329
11137
19330
11139
19332
17284
11141
11142
19335
11146
17300
11159
11161
2972
11166
11180
17329
2994
11196
11199
17347
17350
3014
17360
17361
3025
17364
3029
3032
3034
3041
9200
3058
3060
9205
9209
3066
9213
9223
9224
3080
3100
3103
9248
3112
13356
9272
3136
13378
3153
3157
13398
3160
9305
3165
13409
3170
13413
11365
13416
13418
9326
3184
13425
9329
25714
25717
11382
9343
25729
9345
13442
25731
3203
13444
9348
25733
11397
25734
11399
25736
11401
13450
11404
25743
11408
25745
25746
25747
25748
25750
13464
25753
11419
25759
3231
3232
25762
11435
13484
3246
25775
13487
3250
3255
25785
25789
11460
25797
11461
25800
25801
25807
11471
11474
25811
25814
11479
25818
25821
25822
15589
15605
15617
15619
15620
15622
15625
19728
19730
15634
19732
17685
19734
19739
19740
15647
17701
19756
17713
17715
17716
17718
15672
17721
15673
19772
66880
17730
66883
15683
66885
15686
66887
66888
15690
66895
17743
66896
19795
66903
66912
19811
19814
17768
66921
17769
19824
19825
17779
66932
19828
66933
17782
66936
17786
66939
66942
66948
66959
66963
66965
66969
66975
66978
66980
66991
66993
66996
9653
67003
67006
9670
9685
9687
9689
9692
9696
9707
7670
9723
7690
17936
9748
17941
9749
17944
17945
7705
7708
17949
7710
9759
9762
7714
17959
9767
7719
17960
17968
7732
17984
17985
17989
7751
17992
17997
18002
18008
18016
7776
7777
7790
7794
18035
7799
18041
18062
18063
18064
18065
11928
18078
18079
18081
18082
18084
18087
11944
11960
11969
11971
11973
11974
11978
11991
11993
11998
12012
26359
12028
12031
26380
26397
26400
26403
22309
26407
26411
22325
26423
22337
22339
22340
22342
26439
22345
22354
22367
26467
26468
26479
26482
26487
22392
22393
22403
22406
22410
22416
12176
22418
22420
12180
22422
3990
12183
12186
22427
22428
12195
12196
4010
22444
12216
4025
22460
4028
4030
18368
4034
18372
18374
18375
4039
24520
18378
12236
22483
18387
18388
4052
24536
18393
71648
22499
71652
18404
18405
22502
71655
4071
24552
18408
71657
18409
71658
18412
12269
71662
71664
22512
18416
24561
22513
71667
24563
71668
22516
18420
24565
24566
24570
18427
71677
12287
)


// ************************************************************************* //
