/*--------------------------------*- C++ -*----------------------------------*\
| =========                 |                                                 |
| \\      /  F ield         | OpenFOAM: The Open Source CFD Toolbox           |
|  \\    /   O peration     | Version:  2506                                  |
|   \\  /    A nd           | Website:  www.openfoam.com                      |
|    \\/     M anipulation  |                                                 |
\*---------------------------------------------------------------------------*/
FoamFile
{
    version     2.0;
    format      ascii;
    arch        "LSB;label=32;scalar=64";
    class       cellSet;
    location    "constant/polyMesh/sets";
    object      twoInternalFacesCells;
}
// * * * * * * * * * * * * * * * * * * * * * * * * * * * * * * * * * * * * * //


256
(
44032
37888
33792
32768
31744
37889
32769
44034
33795
31747
37896
32776
37897
36873
34825
32777
25609
25610
36875
34827
44048
25617
44050
25618
33816
31768
36889
34841
36891
34843
33819
31771
43072
32832
30784
43073
32834
30786
43080
43081
36937
34889
31817
36938
34890
31818
32848
30800
36945
34897
31825
36946
34898
32850
31826
30802
36992
34944
34945
36994
34952
34953
37008
37010
27794
27795
27802
27803
40128
36032
40129
36033
40136
36040
40137
37065
36041
37066
37073
37074
44288
37120
44289
37122
44296
44297
37136
37138
37184
37185
37192
37193
29065
29067
37266
37267
29081
37274
37275
29083
31168
28096
28097
31171
28104
41417
28105
41419
29138
29139
31192
41433
29146
41435
31195
29147
34313
32265
34314
32267
34321
34322
32281
32283
32320
32322
24137
24138
32336
24145
32338
24146
41600
34432
32384
41602
34434
32386
28297
24201
28298
24202
41616
34448
32400
28305
24209
41618
34450
32402
28306
24210
32448
31424
25280
32450
31426
25283
36553
35529
36555
35531
32464
31440
44754
32466
31442
44755
25304
36569
35545
44762
44763
36571
35547
25307
35584
30464
24320
30465
35586
24323
30472
32521
30473
32522
35600
32529
35602
34578
32530
34579
24344
34586
34587
24347
39744
30528
30529
39746
30536
30537
39760
39762
34642
32594
25426
34643
32595
25427
34650
32602
25434
34651
32603
25435
42880
32640
32641
42882
32648
32649
42896
42898
29586
29587
29594
29595
42944
38848
32704
23488
22464
42946
32706
23490
38851
22467
46025
36809
36810
46027
42960
32720
23504
36817
42962
36818
32722
23506
38872
22488
46041
46043
38875
22491
)


// ************************************************************************* //
