/*--------------------------------*- C++ -*----------------------------------*\
| =========                 |                                                 |
| \\      /  F ield         | OpenFOAM: The Open Source CFD Toolbox           |
|  \\    /   O peration     | Version:  2506                                  |
|   \\  /    A nd           | Website:  www.openfoam.com                      |
|    \\/     M anipulation  |                                                 |
\*---------------------------------------------------------------------------*/
FoamFile
{
    version     2.0;
    format      ascii;
    arch        "LSB;label=32;scalar=64";
    class       faceSet;
    location    "constant/polyMesh/sets";
    object      nonOrthoFaces;
}
// * * * * * * * * * * * * * * * * * * * * * * * * * * * * * * * * * * * * * //


1440
(
65536
71682
71685
67594
67595
67597
67598
65550
67601
67605
65557
65561
65563
67612
65566
67615
65568
71713
73763
71717
65573
67628
71725
67629
71726
67630
67631
71728
71729
71730
65587
73781
65589
73783
71735
65593
71738
65594
73787
71741
65598
73791
65601
71749
73798
71750
71751
77896
65608
71753
71754
73804
71758
63570
77912
63576
71770
71771
65627
71773
71774
65630
71777
63585
73827
63587
71781
63591
77928
63594
63595
71788
71791
77937
63602
77939
77941
77942
63607
77946
71804
71805
73854
71806
63614
71807
73858
77959
71816
77961
63625
63626
73867
63627
71821
77966
63630
63632
63637
73881
71834
77980
71840
63650
63651
63653
63654
63658
77996
73900
73901
71854
77999
63663
71861
63672
71865
71867
63675
71870
71872
71877
63691
63692
63693
63694
71891
71893
71897
71898
71902
71905
71912
65768
76023
65784
71931
71934
65800
76043
65809
65811
69909
65813
65814
76057
65818
76060
76062
76065
69923
76068
65831
65833
67885
76078
65838
57648
57650
69939
57651
57653
57654
57655
57656
76091
65852
69949
67901
69951
57663
57664
57665
69954
57667
69956
57669
57670
57671
57672
69961
65868
63821
67918
57679
65871
57680
57681
57682
57683
57684
57685
57686
76119
69975
76120
69977
57689
57692
69981
57693
63837
57695
57696
57698
76131
57699
57700
76134
69992
76138
57706
67949
63854
57711
67954
67957
57717
76152
57721
57722
70011
57724
76157
57725
70014
57729
57733
57735
76168
57736
57737
57738
57740
76173
63885
57743
70032
67985
63890
57747
57748
67989
57749
63893
57750
76184
57752
57754
57756
67997
57757
76190
67998
57758
57759
68000
76193
70049
68001
68002
76195
76197
76198
68007
76202
68010
68013
63921
70069
68021
63925
68022
76215
68023
76217
68025
68026
76221
63933
76222
68030
63934
63936
63937
76226
63938
65987
76229
63943
68042
63946
65994
68043
76236
68045
63949
68046
68049
66001
68053
63957
66005
63958
63959
66008
70105
63961
63962
76252
68060
66013
70110
63966
76255
68063
66016
70113
66017
78312
66024
63978
66026
63979
68076
78317
68077
63981
68078
63982
68079
66031
63985
63989
66038
78328
63996
78333
66045
63999
66049
66051
66052
70149
78344
66056
66058
64012
64013
78350
64014
64015
78353
70161
66065
78355
78357
78358
78362
70173
55840
66081
55842
66082
55843
66084
70181
55845
66085
55846
78375
70183
55848
78377
70185
55849
66089
70186
66090
78381
78382
70190
66094
55855
66095
55856
55857
66097
78386
55859
78389
55861
55862
55864
66104
55865
70203
66107
78396
70205
55871
55872
70209
55873
55875
55876
55878
55880
55881
66123
78412
70220
55884
66124
66125
66126
78415
55888
55889
55890
55891
55892
55893
55894
55898
70236
55902
70239
55907
55910
55911
55913
55914
55918
55923
55926
55927
55928
55929
55932
55935
74371
55939
55940
55941
55942
55944
55946
55948
55949
55950
55951
74389
74391
74394
74397
74403
64165
74408
64179
74427
707
64195
64205
64207
74450
64210
64212
725
74454
727
64217
731
74463
735
68325
742
64231
64233
748
74477
68333
64237
68341
64248
74493
68349
74494
68353
771
68356
68358
74503
68361
64267
68364
68366
64270
68372
62232
74524
64285
68382
798
802
62248
811
74541
68397
64301
74544
76594
68402
74547
68405
74551
68407
68408
62264
825
74555
64318
76609
62273
66369
76611
68419
62275
62277
66373
76614
68422
62278
74567
70472
76617
68426
62282
844
70477
845
66381
66382
76623
66384
66385
66386
76627
68437
74583
62295
66391
62297
70490
66394
64349
66397
62302
70496
68449
76642
64354
64357
66405
66406
66407
66409
66410
62316
68461
70510
66414
74611
74612
70517
68469
76662
68471
70521
68473
76666
68474
66426
70523
66427
62332
66429
70526
68478
66430
74623
62335
70528
66433
74626
76675
70533
64389
66437
74631
78728
68491
66444
78733
68493
76687
66447
68497
64401
70547
70549
78744
70553
70554
68508
66460
78749
76701
64413
66461
76702
70558
66462
66463
54176
70561
54179
54180
64421
54182
54183
64423
78760
70568
64425
54186
64426
54187
68524
78766
64430
68527
78769
78771
54195
54196
78773
54197
78774
54199
68536
54201
78778
54202
70587
64443
54204
68541
54205
64445
70590
64449
54211
54212
54213
78791
54216
78793
54217
68554
54219
64460
78797
78798
54222
54223
68560
78802
54227
78805
54232
54233
54235
78812
54236
64476
54237
68574
54238
64479
54240
11235
68581
54245
68585
11242
54250
68587
78828
11245
68590
11246
78831
11247
54255
68592
11249
54258
54259
68597
11253
54261
54262
11255
11258
54266
11260
11261
11262
11263
54271
11264
11266
54274
68611
11267
54275
54276
68613
54277
11272
54280
68617
68618
54285
68622
11278
68625
11281
11282
54290
54291
11284
54293
11286
54294
68632
54296
11289
54298
11291
11292
54300
54301
11294
54302
54303
11296
11298
11299
11300
11301
11302
11304
11305
68651
11307
11308
11309
68654
11310
11312
11313
11314
68659
11315
11316
11317
11318
11319
11320
11322
11323
11324
11325
11327
68672
11328
11335
11336
11337
11339
68685
11341
11342
68687
11343
11344
68689
68692
11351
68696
11353
11355
11356
11357
11358
11359
68705
68718
76914
74869
1152
76929
76931
68740
68741
74886
76935
76939
68751
52368
76946
68754
52371
1172
52372
74901
52374
76951
68759
52375
74904
52378
74907
52379
74911
66722
74915
52387
52388
52389
52391
66728
52393
76970
52394
1196
52396
74925
52397
66737
52403
66739
52404
52405
66743
52408
62648
52409
74938
66746
52411
66747
62653
52414
52415
76994
66754
52419
76998
66759
52424
62664
52425
52427
52428
52429
62669
52430
66766
77007
52432
74963
74964
1237
52437
62680
66777
1242
52442
66778
77019
66779
1245
62686
66782
74975
52447
66784
62689
74978
52450
64738
52451
62691
52453
62693
66789
52454
62694
74983
64744
52458
62698
77036
77037
52463
64753
52466
66802
52467
64755
66803
52468
52469
66805
66806
62711
64759
52472
62713
64762
66810
64763
52477
62717
62718
66815
70914
52482
62722
64770
52483
52485
62725
52486
64775
70920
52488
66824
52490
66827
52492
62732
70925
52493
52494
64782
52495
50448
52496
70929
52498
70931
50451
52499
50452
52501
50454
52502
70935
50455
52503
52504
64793
70938
50458
64794
70939
50459
64795
66843
62748
66844
66845
64798
66846
52511
62751
70944
52512
64800
52513
70946
50467
52515
50468
50469
52517
64805
52518
70951
50471
52519
52520
50473
50474
50476
50477
70958
52527
52528
52529
52530
64818
50483
52531
64819
50484
52532
70965
50485
52533
64821
52534
64822
50488
70969
50489
52537
70970
64826
70971
50491
52540
52541
70974
50494
50495
52543
64831
70976
52544
52546
50499
52547
52548
70981
50504
64840
50505
52554
50507
64843
50508
50509
50510
52559
50512
70994
70995
70997
50517
52565
70998
71001
52569
71002
50522
52570
64859
52572
64860
52573
64861
71006
64862
71007
50527
71009
52577
50530
50531
50533
52581
50534
52583
71016
52584
52585
50538
52586
71019
52588
50543
52591
68978
50546
50547
52595
50548
52596
50549
52597
52598
68984
50552
52600
52602
71035
71036
52604
71037
68989
50557
52605
71038
52606
52607
68993
50562
68995
50563
50565
50566
68999
50568
69002
50570
69003
50572
50573
50574
50575
69008
69010
69015
69022
66978
69029
66984
69033
69034
69035
66989
69038
69040
66993
66995
69045
66998
67000
67001
67005
67007
69058
69059
67011
69061
69062
67016
69065
69066
69070
67022
69071
69073
67025
67026
67027
67029
67030
75224
69080
67034
69083
67046
67047
75240
67049
67050
69099
69100
69101
67053
69102
67054
67058
67059
67061
75256
67068
67071
75265
75267
75269
75270
75274
67084
67085
67086
67087
67093
75287
75289
75294
67105
75308
67117
67125
67127
67129
67130
75324
67134
75327
67147
67149
67153
67164
67180
67183
18032
67186
18034
65138
18036
18037
18038
67192
18040
65144
18041
18043
18044
67201
65153
67203
18051
65155
65158
67207
18055
18056
65160
65161
67210
67211
18060
65167
67218
18067
65171
67223
18071
65176
18073
18076
18077
67230
18079
65185
18082
65186
65187
18084
65189
65190
18087
77480
18088
67241
18089
67242
65194
67243
18092
77485
67246
67248
18096
18098
18099
67253
18101
65206
18103
65207
77496
18105
65209
65210
18107
18108
77501
18109
18110
65214
18112
67266
18114
67267
18115
65219
67269
67270
18118
18119
77512
18120
67274
65228
18125
77518
67279
65231
18128
77521
18129
77523
18132
77525
18133
77526
67288
77530
67291
18139
65244
65245
18142
65246
65247
63202
77543
77545
67307
67308
77549
67309
77550
67310
63217
77554
63219
77557
63222
63225
77564
63231
63235
77580
77583
63250
63270
63274
69426
63283
69432
63295
69441
69443
69447
69450
69451
63309
63310
69458
63315
69463
69470
63333
63336
69481
69482
69483
63341
69486
69488
63345
69493
63354
63359
69506
69507
69509
69510
69514
69519
63379
75669
69528
69531
75685
69547
69548
69549
69550
75697
63409
75700
63413
75702
75705
75708
71613
63423
75716
63435
71629
75726
67537
67541
63452
67549
63453
71646
67550
67552
67553
67554
75751
67559
75752
65512
67562
67565
65517
75763
67573
75766
67574
67575
67577
75770
67578
65530
71677
67582
)


// ************************************************************************* //
