/*--------------------------------*- C++ -*----------------------------------*\
| =========                 |                                                 |
| \\      /  F ield         | OpenFOAM: The Open Source CFD Toolbox           |
|  \\    /   O peration     | Version:  2506                                  |
|   \\  /    A nd           | Website:  www.openfoam.com                      |
|    \\/     M anipulation  |                                                 |
\*---------------------------------------------------------------------------*/
FoamFile
{
    version     2.0;
    format      ascii;
    arch        "LSB;label=32;scalar=64";
    class       cellSet;
    location    "constant/polyMesh/sets";
    object      twoInternalFacesCells;
}
// * * * * * * * * * * * * * * * * * * * * * * * * * * * * * * * * * * * * * //


256
(
15872
11776
11264
15873
11265
11778
15880
11272
20489
17929
16393
15881
11273
20490
17930
16395
11792
20497
17937
20498
17938
14866
11794
14867
16409
14874
16411
14875
11840
11842
21065
17481
16457
14921
11337
21066
17482
16458
14922
11338
11856
21073
17489
16465
14929
11345
21074
20562
18002
17490
16466
15954
14930
11858
11346
10834
20563
18003
15955
10835
20570
18010
15962
10842
20571
18011
15963
10843
18048
14976
11392
18050
11394
14979
16521
10889
16522
10890
18064
11408
16529
10897
21138
18066
17554
16530
14482
11410
10898
21139
17555
14483
15000
21146
17562
14490
21147
17563
15003
14491
17600
14528
11968
17602
14530
11970
18121
15049
18122
15050
17616
14544
11984
18129
15057
18130
17618
16594
15058
14546
11986
16595
16602
16603
19712
17664
12032
19713
12033
17666
19720
12040
19721
18185
16137
14089
12041
11017
18186
14090
11018
16139
17680
18193
14097
11025
18194
17682
17170
14098
11026
17171
16153
17178
17179
16155
21312
20800
18240
17216
16192
12096
21313
20801
17217
18242
16194
12098
21320
20808
17224
21321
20809
19785
17225
14153
19786
14154
18256
16208
12112
19793
14161
19794
18258
16210
14162
12114
21376
20352
18304
17792
12160
21377
20353
18305
12161
17794
21384
20360
18312
12168
21385
20873
20361
18313
12169
20875
17808
17810
14738
14226
14739
14227
20889
14746
14234
20891
14747
14235
20416
18368
17856
11712
11200
17857
20418
11714
11202
18371
17864
17865
14793
14281
12233
14794
14283
12235
20432
11728
11216
14801
20434
14802
11730
11218
10706
10707
18392
14297
12249
10714
18395
14299
12251
10715
)


// ************************************************************************* //
