/*--------------------------------*- C++ -*----------------------------------*\
| =========                 |                                                 |
| \\      /  F ield         | OpenFOAM: The Open Source CFD Toolbox           |
|  \\    /   O peration     | Version:  2506                                  |
|   \\  /    A nd           | Website:  www.openfoam.com                      |
|    \\/     M anipulation  |                                                 |
\*---------------------------------------------------------------------------*/
FoamFile
{
    version     2.0;
    format      ascii;
    arch        "LSB;label=32;scalar=64";
    class       faceSet;
    location    "constant/polyMesh/sets";
    object      nonOrthoFaces;
}
// * * * * * * * * * * * * * * * * * * * * * * * * * * * * * * * * * * * * * //


1386
(
81920
81921
59393
81922
81924
81925
81926
81931
81932
67596
81933
59405
81934
67599
81936
81937
81938
59413
81943
59415
81944
59417
81946
59418
81949
59422
81956
81957
81958
81959
81961
81962
59435
59437
81966
59441
81975
81978
81979
59452
81981
81982
81985
81989
81991
81994
81996
59468
81999
59471
59475
82004
82005
82008
82012
82013
82014
82015
59487
82017
82021
59497
59499
59500
82029
82030
59502
82032
82033
59505
82034
82039
59512
82042
82045
4224
59522
4228
82053
4229
82054
82055
82057
4233
82058
4237
82062
4247
59544
4248
59545
4249
82074
82075
4252
82077
82078
4256
82081
59555
4259
82085
59558
59562
4267
82092
4268
82095
4272
59573
82108
82109
82110
82111
82112
37056
4288
82113
59585
82114
82116
37060
4292
82117
82118
37063
37066
82123
82124
82125
59597
82126
82128
82129
82130
37075
37076
59605
82135
59607
82136
59609
82138
59610
82141
4317
59614
4321
82148
82149
4325
82150
82151
37096
82153
82154
59627
59629
82158
4335
59633
4338
4341
82167
82170
82171
59644
37116
82173
4349
82174
69888
82177
69889
69890
69891
4355
69892
82181
4357
69894
82183
4360
82186
69899
82188
69900
59660
69901
4365
69902
4366
82191
69903
59663
69904
69906
82196
82197
69911
82200
69912
69913
69914
69915
82204
69916
82205
37149
82206
69918
82207
82208
82209
69921
82210
82212
69924
82213
82214
69926
69928
82219
82220
82221
82222
37167
82224
82225
82226
69938
37170
82231
69943
82232
82234
69946
82237
69950
37183
37185
82244
37188
82245
69957
57669
82246
82247
69959
69960
82249
69961
82250
69962
82254
69967
57681
69971
69972
69973
69974
82263
69976
82266
69978
82267
82269
69981
57693
82270
69982
82273
82277
61797
57701
82279
57703
57705
82282
57706
82284
57710
82287
61809
82292
82293
82296
57723
82300
82301
61821
57725
82302
82303
82305
57729
82309
61829
61831
61833
61834
57740
82317
82318
61838
82320
82321
82322
82327
82330
61851
57756
82333
61853
57759
61857
82341
57765
82342
82343
82345
82346
61868
82350
57777
82362
82363
61884
82365
57789
82366
61887
68032
82369
68034
68036
82373
57797
68038
57799
57801
57802
68043
82380
68044
57806
82383
55763
57819
82396
68060
82397
57821
82398
82399
55775
82400
82401
57825
82402
82404
82405
82406
55785
82411
55787
82412
68076
57836
55788
82413
82414
55790
82416
82417
55793
82418
82423
82424
55800
82426
57852
82429
57855
55810
68099
82436
82437
82438
82439
82441
82442
82446
68115
68118
82455
55832
55833
82458
82459
82461
82462
68128
82465
68129
55843
68132
82469
55846
82471
82474
55850
82476
82479
55859
82484
82485
82488
82492
82493
82494
82495
55871
82497
82501
55881
55883
55884
82509
82510
55886
82512
82513
55889
82514
82519
55896
82522
82525
55906
60003
82533
82534
82535
82537
82538
82542
60015
55928
60025
55929
82554
82555
60027
60028
82557
82558
60030
82561
60033
55939
82565
55942
60040
55946
82572
82575
60050
82588
82589
82590
82591
82593
82597
60072
60073
82605
82606
82608
82609
82610
60083
60086
82615
82618
60090
82621
82629
82630
82631
82633
82634
82638
82650
82651
82653
82654
82657
82661
82668
82671
76528
76529
76530
76531
76532
76534
76539
82684
76540
82685
76541
82686
76542
82687
76543
82688
76544
82690
76546
82691
82692
58117
56069
82694
76551
76552
76553
76554
82699
76555
82700
76556
76558
82703
76561
58129
56081
76564
76566
82712
76568
82713
82715
82716
58141
56093
82718
82721
76578
82724
58149
56101
76583
58151
56103
82728
58153
56105
76586
58154
56106
76590
58158
56110
82738
76597
82743
76599
76600
76601
76602
58171
56123
58173
56125
76607
58177
56129
76611
76612
76613
76614
82759
82760
76616
82761
82762
76618
58188
56140
76621
76622
82771
82772
82773
82774
82776
82778
58204
56156
58207
56159
82784
82786
82787
58211
82788
82790
82795
82796
82799
58223
37744
29552
37747
29556
37750
29559
82808
37752
29560
82809
58233
82811
58235
29563
82812
58236
82814
58238
37759
37760
82817
58241
29571
82820
29572
82824
58248
29580
82834
58258
37780
82839
72600
29596
29597
29600
29603
37796
82855
29607
82856
72616
58280
82857
58281
82858
29611
29616
82867
58291
82868
82869
82870
58294
29623
82872
72632
82874
58298
82880
72641
37825
82882
82883
72643
82884
72645
82886
72646
29639
72650
82891
82892
29645
82895
37843
37846
72663
82904
82905
72665
82907
82908
82910
72670
37856
82913
37857
29666
29667
82916
37860
29668
29669
82920
72684
29679
29680
29681
82930
29682
29684
82935
29687
72700
72703
82951
82952
82953
82954
82963
82964
82965
82966
82968
82970
82976
1056
82978
82979
82980
1060
82982
1062
1063
82987
1067
82988
82991
1075
1076
83000
83001
1082
83003
83004
83006
83009
83012
83016
1096
1097
1101
74832
1104
74833
83026
74834
74836
74837
1109
74838
83031
1114
74843
74844
74845
74846
74848
1120
74849
74850
1126
83047
74855
83048
74856
83049
83050
74858
74861
83059
83060
74868
83061
74869
83062
74870
1142
74871
83064
74873
83066
74874
1147
74878
83072
83073
83074
83075
83076
83078
74887
74890
83083
74891
83084
83085
74893
83086
74894
1166
83087
1167
83088
1168
74897
1169
83090
74901
83095
74903
83096
83097
83098
74906
83099
83100
74908
83102
1182
74911
1183
83105
1185
1186
83108
74916
1188
74917
83110
1191
83112
74920
74924
74925
74926
74927
83122
83127
83130
83134
83141
83143
83144
83145
83146
83151
83155
83156
83157
83158
83160
83162
83165
83166
83168
83169
83170
83171
83172
83174
83179
83180
83181
83182
83183
83184
83186
83191
83192
83193
83194
83195
83196
83198
83201
83204
83206
83208
83218
62739
83223
83226
83230
62751
75040
75041
75042
75043
75044
83237
75046
83239
83240
83241
62761
83242
75051
62763
75052
62764
75053
75054
62766
83247
75055
75056
62769
75058
83251
83252
83253
83254
75063
83256
75064
62776
75065
83258
75066
75067
75068
83261
83262
75070
83264
83265
75073
83266
62786
83267
83268
75076
83270
75078
75080
83275
83276
83277
83278
83279
83280
83282
75090
83287
75095
83288
64856
62808
83289
62809
83290
75098
83291
83292
83294
75102
83297
62819
83300
75109
68965
83302
62822
75111
83304
75112
64872
75113
75114
62826
75119
83314
75123
75124
75125
68981
75126
83319
75128
64888
83322
75130
75133
83326
75134
68993
64897
68995
64899
68996
83333
64901
68998
64902
83335
83336
83337
69001
83338
64906
83343
69010
83347
83348
83349
83350
64919
83352
64921
83354
83357
83358
64926
69023
83360
28064
83361
83362
83363
83364
28069
83366
28072
28073
83371
83372
64940
83373
28077
83374
83375
83376
83378
83383
28087
83384
69048
28088
83385
69049
83386
83387
83388
64956
83390
64959
28095
83393
69059
83396
83398
69062
83400
64968
69066
28108
28109
28113
83410
28115
83415
28119
64984
62936
83418
28123
83422
28128
83429
83431
28135
83432
65000
62952
83433
83434
83439
65009
83443
65011
83444
83445
65013
83446
65014
28151
83448
62968
83450
65018
83453
28157
83454
62977
62979
62981
62982
65031
65033
62986
65038
28178
28179
28180
28181
62999
63001
65052
63006
73248
73249
73250
28194
28195
73252
73253
28197
73254
28198
28200
28202
73259
73260
65068
63020
73261
73262
65071
73264
73265
73266
60979
73271
73272
73274
63036
73277
63039
60991
73284
73285
69189
67141
73286
73287
73289
61001
73290
61003
61004
73294
61006
61009
69205
67157
73303
61016
73306
73307
73309
73310
73313
69217
67169
61026
69219
67171
69220
67172
73317
58981
69222
67174
73319
69225
67177
73322
73324
73327
58993
69234
67186
73332
73333
73336
61048
61049
73340
73341
59005
73342
73343
69247
67199
61059
59013
61062
59015
59017
61066
59018
59022
69272
67224
69273
67225
59035
59037
59041
69283
67235
69286
67238
69290
67242
59052
24240
24244
24247
69304
24248
24251
59068
59071
59075
24259
24260
69320
24268
59087
69336
59097
59099
59100
24284
24285
59102
24288
69345
59105
69347
24291
69349
69350
24295
59112
69354
24299
24304
59122
69367
24311
69369
69374
24327
59144
59145
69388
24333
59155
59158
59162
69404
69407
24354
24355
24356
24357
69416
24367
24368
24369
24370
24372
24375
69432
77632
24384
77633
77634
77636
24388
77637
77638
24391
69448
24392
77643
24395
77644
77645
77646
77648
77649
69457
77650
69459
24403
24404
69461
69462
77655
77656
77658
69466
24411
77661
77668
77669
77670
77671
69479
24424
77673
69481
24425
77674
24428
77678
69486
24430
24433
24436
77687
24440
77690
77691
69500
77693
77694
24446
77697
77701
77703
77706
24459
77708
69516
77711
69519
24465
77716
77717
77720
77724
77725
77726
77727
24486
24487
67496
24488
24489
24499
24500
24501
24502
67512
24504
24506
67528
67537
67539
67541
67542
67546
67559
67561
67566
59381
67580
)


// ************************************************************************* //
