/*--------------------------------*- C++ -*----------------------------------*\
| =========                 |                                                 |
| \\      /  F ield         | OpenFOAM: The Open Source CFD Toolbox           |
|  \\    /   O peration     | Version:  2506                                  |
|   \\  /    A nd           | Website:  www.openfoam.com                      |
|    \\/     M anipulation  |                                                 |
\*---------------------------------------------------------------------------*/
FoamFile
{
    version     2.0;
    format      ascii;
    arch        "LSB;label=32;scalar=64";
    class       cellSet;
    location    "constant/polyMesh/sets";
    object      twoInternalFacesCells;
}
// * * * * * * * * * * * * * * * * * * * * * * * * * * * * * * * * * * * * * //


292
(
22528
14336
6144
6145
22530
14338
6152
46089
36873
24585
6153
46090
36874
24586
22544
14352
46097
36881
24593
54290
46098
36882
24594
22546
14354
54291
54298
54299
22592
18496
5184
5185
22594
18498
5192
5193
22608
18512
22610
18514
52352
7296
52354
7299
52368
52370
7320
7323
52416
45248
44224
52417
44226
45251
52424
52425
42185
42186
44240
42193
44242
42194
7378
7379
45272
7386
45275
7387
52480
45312
44288
42240
32000
8448
5376
52481
42241
32001
8449
5377
45314
44290
52488
42248
32008
8456
5384
52489
42249
32009
8457
5385
45328
44304
45330
44306
52544
52545
52552
52553
42313
42314
42321
42322
52608
44416
35200
23936
5504
23937
52610
44418
35202
5507
23944
42377
23945
6537
42378
6539
52624
44432
35216
42385
52626
44434
42386
35218
5528
6553
6555
5531
42432
42433
42440
45513
42441
45515
44498
34258
44499
34259
45529
44506
34266
45531
44507
34267
42496
25088
19968
6656
25089
42498
19970
6659
25096
44553
25097
21001
44554
21003
42512
19984
44561
44562
42514
26130
19986
17938
26131
17939
6680
21017
26138
17946
26139
21019
17947
6683
43584
42560
43585
42562
43592
44617
43593
17993
44618
17994
42576
44625
18001
44626
42578
18002
45696
44672
43648
24192
45698
24194
44675
43651
42633
42634
45712
24208
42641
53906
45714
42642
24210
53907
44696
43672
53914
53915
44699
43675
43712
24256
8896
24258
43715
8899
38601
36553
18121
38602
36554
18122
24272
38609
36561
18129
38610
36562
24274
18130
43736
8920
43739
8923
18176
13056
13057
18179
13064
13065
54034
54035
18200
54042
54043
18203
24384
4928
24385
4930
24392
43849
24393
43851
4944
18258
4946
18259
43865
18266
43867
18267
4992
4994
18313
18314
5008
18321
54162
18322
5010
54163
54170
54171
6080
5056
6081
5058
6088
6089
5072
5074
)


// ************************************************************************* //
