/*--------------------------------*- C++ -*----------------------------------*\
| =========                 |                                                 |
| \\      /  F ield         | OpenFOAM: The Open Source CFD Toolbox           |
|  \\    /   O peration     | Version:  2506                                  |
|   \\  /    A nd           | Website:  www.openfoam.com                      |
|    \\/     M anipulation  |                                                 |
\*---------------------------------------------------------------------------*/
FoamFile
{
    version     2.0;
    format      ascii;
    arch        "LSB;label=32;scalar=64";
    class       cellSet;
    location    "constant/polyMesh/sets";
    object      underdeterminedCells;
}
// * * * * * * * * * * * * * * * * * * * * * * * * * * * * * * * * * * * * * //


644
(
41984
22528
14336
6144
41985
6145
41986
22530
14338
41989
41992
6152
46089
41993
36873
24585
6153
46090
41994
36874
24586
41997
42000
22544
14352
46097
42001
36881
24593
54290
46098
42002
36882
24594
22546
14354
54291
42005
54298
54299
42024
42026
42027
42030
41024
22592
18496
5184
41025
5185
22594
18498
41027
41028
41032
5192
41033
5193
41035
41036
22608
18512
22610
18514
41048
41049
41051
41052
41056
41058
41059
41062
52352
41088
7296
41089
52354
41091
7299
41092
41096
41097
41099
41100
52368
52370
41112
7320
41113
41115
7323
41116
41120
41122
41123
41126
52416
45248
44224
41152
52417
41153
44226
45251
41155
41156
52424
41160
52425
42185
41161
42186
41163
41164
44240
42193
44242
42194
7378
7379
45272
41176
41177
7386
45275
41179
7387
41180
41184
41186
41187
41190
52480
45312
44288
42240
41216
38144
37120
32000
8448
5376
52481
42241
41217
38145
37121
32001
8449
5377
45314
44290
38146
41219
37123
41220
37124
38149
52488
42248
41224
38152
37128
32008
8456
5384
52489
42249
41225
38153
37129
32009
8457
5385
38154
41227
37131
41228
37132
38157
45328
44304
38160
38161
45330
44306
38162
38165
41240
37144
41241
37145
41243
37147
41244
37148
41248
37152
41250
37154
41251
37155
41254
37158
38184
38186
38187
38190
52544
41280
52545
41281
41283
41284
52552
41288
52553
42313
41289
42314
41291
41292
42321
42322
41304
41305
41307
41308
41312
41314
41315
41318
52608
44416
41344
37248
36224
35200
23936
5504
41345
37249
36225
23937
52610
44418
37250
35202
41347
36227
5507
41348
36228
37253
41352
37256
36232
23944
42377
41353
37257
36233
23945
6537
42378
37258
41355
36235
6539
41356
36236
37261
52624
44432
37264
35216
42385
37265
52626
44434
42386
37266
35218
37269
41368
36248
5528
41369
36249
6553
41371
36251
6555
5531
41372
36252
41376
36256
41378
36258
41379
36259
41382
36262
37288
37290
37291
37294
42432
41408
42433
41409
41411
41412
42440
41416
45513
42441
41417
45515
41419
41420
44498
34258
44499
34259
41432
45529
41433
44506
34266
45531
44507
41435
34267
41436
41440
41442
41443
41446
42496
41472
25088
19968
6656
41473
25089
42498
19970
41475
6659
41476
41480
25096
44553
41481
25097
21001
44554
41483
21003
41484
42512
19984
44561
44562
42514
26130
19986
17938
26131
17939
41496
6680
41497
21017
26138
17946
41499
26139
21019
17947
6683
41500
41504
41506
41507
41510
43584
42560
41536
34368
43585
41537
34369
42562
41538
34370
41541
34373
43592
41544
34376
44617
43593
41545
34377
17993
44618
41546
34378
17994
41549
34381
42576
41552
34384
44625
41553
34385
18001
44626
42578
41554
34386
18002
41557
34389
41576
34408
41578
34410
41579
34411
41582
34414
45696
44672
43648
41600
24192
41601
45698
41602
24194
44675
43651
41605
41608
42633
41609
42634
41610
41613
45712
41616
24208
42641
41617
53906
45714
42642
41618
24210
53907
41621
44696
43672
53914
53915
44699
43675
41640
41642
41643
41646
43712
41664
24256
8896
41665
41666
24258
43715
8899
41669
41672
41673
38601
36553
18121
41674
38602
36554
18122
41677
41680
24272
41681
38609
36561
18129
41682
38610
36562
24274
18130
41685
43736
8920
43739
8923
41704
41706
41707
41710
41728
18176
13056
41729
13057
41730
18179
41733
41736
13064
41737
13065
41738
41741
41744
41745
54034
41746
54035
41749
18200
54042
54043
18203
41768
41770
41771
41774
41792
24384
4928
41793
24385
41794
4930
41797
41800
24392
43849
41801
24393
41802
43851
41805
41808
4944
41809
41810
18258
4946
18259
41813
43865
18266
43867
18267
41832
41834
41835
41838
41856
38784
4992
41857
38785
41858
4994
38787
38788
41861
41864
38792
41865
38793
18313
41866
18314
38795
38796
41869
41872
5008
41873
18321
54162
41874
18322
5010
54163
41877
38808
38809
54170
54171
38811
38812
38816
38818
38819
38822
41896
41898
41899
41902
41920
6080
5056
41921
6081
41922
5058
41925
41928
6088
41929
6089
41930
41933
41936
5072
41937
41938
5074
41941
41960
41962
41963
41966
)


// ************************************************************************* //
