/*--------------------------------*- C++ -*----------------------------------*\
| =========                 |                                                 |
| \\      /  F ield         | OpenFOAM: The Open Source CFD Toolbox           |
|  \\    /   O peration     | Version:  2506                                  |
|   \\  /    A nd           | Website:  www.openfoam.com                      |
|    \\/     M anipulation  |                                                 |
\*---------------------------------------------------------------------------*/
FoamFile
{
    version     2.0;
    format      ascii;
    arch        "LSB;label=32;scalar=64";
    class       faceSet;
    location    "constant/polyMesh/sets";
    object      nonOrthoFaces;
}
// * * * * * * * * * * * * * * * * * * * * * * * * * * * * * * * * * * * * * //


998
(
75777
75779
75781
75782
75786
75799
75801
75806
73762
73768
75820
73777
73779
73783
73786
73787
75836
75839
73794
73799
73806
30808
73817
73818
73819
73822
73824
69730
73829
30824
69745
73842
69747
73843
73845
73846
69751
30840
73850
69755
73855
30849
69762
30851
30853
30854
69767
73864
30858
73867
144
147
148
150
151
30871
30873
154
69786
73883
155
73884
73885
73886
30878
10400
163
164
10404
165
10406
167
10407
170
10410
171
30892
174
175
69810
10419
10420
182
69814
184
185
10426
188
30908
189
30911
69823
192
196
197
10439
10440
10441
202
69835
10444
10446
208
209
10450
211
212
214
215
10455
218
10459
10460
69852
69853
224
10468
230
235
238
239
241
242
10483
246
10487
251
10493
254
255
256
257
260
265
270
271
10511
10512
273
10513
274
10514
276
279
283
284
285
286
10526
10527
10529
10530
10532
10534
10535
10536
10538
18736
18740
18742
18743
18747
18755
18756
18762
18776
18777
18781
18784
18789
18794
18800
18806
76152
18822
76168
18827
76184
18846
18847
10656
18848
76193
18849
76195
10660
76197
76198
10662
10663
10665
76202
10666
18862
18863
18865
18866
10675
10676
18868
76215
18871
76217
10682
10685
76222
10696
10697
76236
10700
10702
10705
72145
10706
72149
10711
70103
76252
10716
10717
72157
72158
76255
72160
10721
72161
72162
10724
10725
70117
72167
10728
72170
72173
4592
10736
70131
4597
72181
72182
10743
72183
35320
4601
72185
72186
4605
10749
70141
72190
70144
10754
70146
10756
70148
4615
4616
35336
10761
70153
72202
72203
72205
72206
10767
10768
10769
72209
10770
10772
72213
70167
35352
70169
72220
70173
10782
10783
72223
4640
10785
35361
10786
35363
10788
35365
35366
10791
70184
35370
10795
72236
72237
10798
72238
72239
55856
55857
55858
72242
55859
55860
55861
55862
35383
4664
72248
35385
55867
55868
70204
55869
35390
55870
55871
70207
55872
55873
72257
76354
55874
72259
55879
72263
76360
55880
55881
55882
72266
55883
72267
35404
55884
55885
55886
76369
55889
72274
76371
55892
55893
55894
76375
55895
72279
55896
4697
55897
76378
55898
76379
35420
55902
72286
35423
76386
55906
76391
55911
72297
55914
72298
55915
72299
55917
76398
4718
55918
72302
72304
4721
55921
27253
55925
72309
55927
55928
76409
55929
76410
55930
76411
55932
76414
4735
55935
76416
68224
4737
68226
72322
55939
68227
72323
4740
55940
68228
76421
27269
55941
72325
55942
68230
72326
55944
55946
72330
68235
55948
68236
55949
55950
55951
72335
68240
27281
76434
76435
27283
27284
76437
76438
27286
72344
27289
76442
72347
68252
68253
76447
68255
68257
27298
68260
76456
68264
76459
72363
68268
72364
72365
72366
27311
68273
76475
76476
76477
76478
68286
68291
27336
27337
720
722
723
27347
68307
724
68308
725
68309
27350
68310
727
728
27354
735
68319
736
68320
737
68321
738
68322
740
68324
741
743
68327
744
750
752
753
755
756
758
761
762
767
772
78597
773
775
78600
776
778
779
782
70418
788
78613
78616
794
799
78625
70433
802
803
70435
78628
805
78630
806
70438
78632
78633
809
70441
78636
813
815
70447
816
78641
817
818
78643
70451
78644
820
78645
78646
66360
825
78650
78654
830
831
833
834
70466
836
78663
839
66376
78665
843
844
845
78670
846
70486
78679
74583
78680
66392
70490
78684
66401
78691
66403
70499
74597
66405
78694
66406
78698
66410
78700
78703
70511
74611
66423
66425
74621
70525
66430
70526
74624
74626
74628
70533
74633
66444
70545
74647
74649
66460
74653
70557
66463
72610
70565
70567
74664
70569
70570
70574
72625
72627
72630
72632
70587
74684
70589
74687
72639
70593
72642
29640
70604
72655
29658
70620
70623
70632
72681
72685
29678
72693
70648
29689
29691
29694
72703
29696
29701
70664
72717
72718
70673
29715
70675
29717
70677
70678
29722
70682
70695
76840
29736
70697
70702
5168
5173
5177
76858
29755
70716
5181
29758
5191
5192
70732
76878
70735
76889
76891
76894
5215
76896
5216
76901
27762
76915
76917
5239
5240
76922
27777
27778
27780
27782
76936
27787
5263
27791
74904
5273
76955
76958
27807
74920
5294
5297
27830
74936
70840
27834
5311
74945
5313
27841
74947
5316
74949
74950
5318
5320
70856
74954
5322
27853
74967
66776
70872
74969
27869
74974
27870
70881
70883
70885
70886
66792
70890
74988
70903
66808
70905
75004
70910
75007
1280
66817
66819
1285
66821
66822
1288
1289
66826
70924
1293
1303
66839
1304
66841
70940
66846
70943
1312
66860
1328
1329
1333
1336
66876
1341
66879
1346
1352
1360
1379
1385
1406
1407
1408
77185
1409
71048
77197
77198
1422
1423
77200
1425
77202
1426
1428
77207
1431
71064
77210
77222
71080
71089
71091
71093
71094
77242
71098
77246
77253
71111
71113
71118
77263
71132
77277
77278
71148
71151
11792
11796
11798
11799
11801
11802
11811
11812
73253
11817
11819
73265
11828
11829
11832
11833
11835
11836
73277
11840
11844
11845
73285
73287
11849
73289
73290
11851
11852
11854
73294
11861
11867
73307
73309
11873
73313
32356
11878
11880
73324
11885
11891
11892
11893
11894
11896
32377
32380
73340
73343
32384
11906
11907
32387
11909
11910
11912
73352
11914
32395
11916
11919
32400
73368
32420
73384
73393
73395
73397
14006
73398
14009
73402
32449
32453
73415
14025
73417
14027
73422
32463
14037
14040
14041
14043
14044
73436
32477
14048
14053
14057
14059
14060
73452
32493
14062
32494
73455
14069
14075
14086
14088
14093
14100
14101
14104
14114
34597
14118
14122
14124
14127
34613
71480
77633
34625
34627
34628
77637
34630
5960
71496
34633
77645
77646
77648
77649
77650
5970
34642
77655
71512
77658
77661
34655
5984
71521
71523
77669
71525
77670
71526
77671
77673
77674
5994
71530
77678
6001
6005
71543
6008
32632
34680
34681
71545
77690
77691
77693
6013
77694
71550
77697
6018
34691
77701
34694
32648
34698
77708
71564
77711
6032
32664
6042
77724
71580
77725
77726
77727
71583
32673
6050
6051
32675
32677
32678
6056
32682
6060
32695
32697
32702
6079
6080
32716
6094
6098
6103
75736
32732
32735
75752
75768
)


// ************************************************************************* //
