/*--------------------------------*- C++ -*----------------------------------*\
| =========                 |                                                 |
| \\      /  F ield         | OpenFOAM: The Open Source CFD Toolbox           |
|  \\    /   O peration     | Version:  2506                                  |
|   \\  /    A nd           | Website:  www.openfoam.com                      |
|    \\/     M anipulation  |                                                 |
\*---------------------------------------------------------------------------*/
FoamFile
{
    version     2.0;
    format      ascii;
    arch        "LSB;label=32;scalar=64";
    class       cellSet;
    location    "constant/polyMesh/sets";
    object      underdeterminedCells;
}
// * * * * * * * * * * * * * * * * * * * * * * * * * * * * * * * * * * * * * //


256
(
19456
14336
12288
11776
19458
12290
11778
14339
21001
11273
21002
11274
19472
12304
11792
21009
11281
21010
19474
13842
12306
11794
11282
13843
14360
13850
14363
13851
21568
20032
19520
16448
14912
13888
11328
21569
20033
11329
19522
16450
14914
13891
21576
20040
11336
22089
21577
20041
11337
22090
19536
16464
14928
22097
22098
20562
19538
16466
14930
14418
20563
14419
13912
20570
14426
20571
14427
13915
22144
22146
21641
19593
14473
13961
12937
12425
11401
19594
14474
13962
12938
12426
11402
21643
22160
19601
14481
13969
12945
12433
11409
22162
19602
14482
13970
12946
12434
11410
21657
21659
22208
20672
19136
12992
11456
11457
19138
22211
20675
12995
11464
21705
17097
11977
11465
21706
17098
11979
19152
21713
17105
21714
19154
17106
22232
20696
13016
11993
22235
20699
13019
11995
22272
19712
19200
12544
12032
11520
22273
11521
19714
19202
12546
12034
22280
11528
22281
14601
11529
14602
19728
19216
12560
12048
14609
19730
19218
14610
14098
13074
12562
12050
14099
13075
14106
13082
14107
13083
19264
15680
15168
12608
11584
19266
15682
15170
12610
11586
20809
14153
12105
20810
14154
12106
19280
15696
15184
12624
11600
20817
14161
12113
20818
19282
15698
15186
14162
13650
12626
12114
11602
13651
13658
13659
19328
14208
12160
19329
14209
12162
19336
14216
19337
14217
13705
13707
12176
17810
12690
12178
17811
12691
13721
17818
12698
17819
13723
12699
20928
20416
19392
13760
12224
20929
19393
20418
12226
13763
20936
19400
20937
19401
20432
12240
21458
20434
12242
11730
21459
11731
13784
21466
11738
21467
13787
11739
)


// ************************************************************************* //
