/*--------------------------------*- C++ -*----------------------------------*\
| =========                 |                                                 |
| \\      /  F ield         | OpenFOAM: The Open Source CFD Toolbox           |
|  \\    /   O peration     | Version:  2506                                  |
|   \\  /    A nd           | Website:  www.openfoam.com                      |
|    \\/     M anipulation  |                                                 |
\*---------------------------------------------------------------------------*/
FoamFile
{
    version     2.0;
    format      ascii;
    arch        "LSB;label=32;scalar=64";
    class       faceSet;
    location    "constant/polyMesh/sets";
    object      nonOrthoFaces;
}
// * * * * * * * * * * * * * * * * * * * * * * * * * * * * * * * * * * * * * //


858
(
57344
43011
57348
83973
57349
43014
83975
83976
83977
57353
43017
83978
57355
57356
57358
83983
43023
83987
83988
43028
30740
83989
57365
43029
30741
83990
83992
43032
83994
57371
83997
43037
83998
43038
57377
30754
57382
30758
57384
30762
57389
57395
57396
57397
57398
57400
57410
57411
57413
57414
57416
57418
57420
57423
55376
55381
55384
55385
55389
55399
55400
55408
55424
55425
55429
55432
55437
55442
55448
55456
16544
94369
94371
16549
16552
16553
94381
16557
94382
94384
16560
94385
16561
55475
16563
94388
16565
16567
16568
55481
94394
94397
94398
94399
16576
94401
94404
94408
16584
16585
16587
16589
94414
55502
55503
55504
16592
94417
55505
16593
16597
16600
16605
94430
55518
55519
16608
55521
16609
55522
16610
16611
55524
16613
94438
55527
16616
94442
16624
94449
94452
94453
16632
16633
94459
16635
16637
94463
16640
16641
94466
16643
16644
16645
16646
94471
16647
16649
16650
16651
94476
94477
16655
16659
16660
16663
16664
16665
16668
16670
16671
16672
16673
16675
16677
16679
16682
16683
16684
16686
16687
16689
16690
16691
16692
16693
16695
16697
84357
84373
84385
84388
84390
84393
84396
84404
84414
84439
84440
129504
129506
129507
84451
129509
129510
84454
129513
84458
129519
129520
129521
129523
129526
129527
129531
129538
129540
129541
129543
129544
129547
129551
129555
129560
129562
129565
129578
129583
129586
129590
129599
8768
129602
129603
129604
129605
8773
8777
129611
8781
129615
129616
129617
129618
129620
129623
8791
8792
129628
129629
8816
8840
8873
8894
8897
8911
8913
8916
768
772
773
777
780
781
791
792
793
796
801
804
805
814
31536
816
31539
31540
820
31541
31544
828
31551
31552
31555
840
841
31564
844
31565
845
31568
31569
849
84818
31572
852
84821
27477
31576
31580
860
84833
31585
84835
9059
84838
27494
9062
84839
873
84842
9066
877
31598
878
880
881
84850
31603
84853
27509
9077
84854
78710
886
84855
9079
27512
84857
9082
27515
9083
891
84860
9086
894
27519
9087
84864
897
31619
27523
31620
900
31621
31622
9094
84871
78729
9097
905
84875
9100
27533
9101
911
9104
913
31634
31635
9108
916
78741
31637
9109
31638
74647
78744
31640
78745
31642
27546
9114
84891
923
78748
924
925
926
78752
9121
9123
9124
84901
9126
9127
84905
9130
78763
74667
9136
84913
27571
84916
27572
84917
9142
74681
84923
78779
74684
74686
9150
84927
27583
9151
74689
9153
84930
27586
9154
74692
9158
84935
27591
9163
84940
84941
74702
9167
9168
78804
9172
78805
9177
74715
9182
78818
9186
78822
9191
78826
9195
9196
9197
9198
74743
74744
74755
74758
74762
11351
11371
11385
11388
11390
11393
11396
11406
11419
11447
11448
11459
11462
11466
56528
56531
56534
56537
56543
56544
23776
23779
23780
23781
23784
23791
23792
56564
23796
23808
23809
23812
23814
56584
23818
23823
23828
23834
56607
23850
23855
56626
56629
23871
68928
56640
23872
56641
23873
23874
68932
56644
68935
68936
68939
23886
23887
23889
23890
68947
68948
23892
5462
23895
68955
68968
68969
5481
68972
68974
44400
40304
68977
44403
68980
40308
9588
5493
44406
40310
40311
68984
9592
5496
44409
5497
40314
5500
68990
44415
44416
5504
40323
40324
9606
40329
9609
69003
5515
9612
44432
13712
9616
69009
9617
13715
40340
13716
40341
13717
9621
40344
13720
40345
5531
40348
9630
13727
44448
40352
13728
9633
13731
40356
9636
9637
69030
69031
69032
9640
69033
40363
13740
13741
9645
13744
13745
9650
69043
44467
69044
13748
5556
69045
5557
69046
9654
69048
13752
69050
40379
13756
9660
9664
40385
13761
5570
44486
5574
44489
5578
13774
9678
40403
13779
9683
44500
40404
44501
40405
40406
44504
9693
9697
40418
40419
13795
13796
40421
13797
40422
13798
40424
40426
9707
9711
9712
13810
13811
3572
13813
13814
9718
13816
9720
9721
13818
3580
9725
9726
9730
9735
3593
9740
3596
9741
3601
3604
3605
3614
52768
52772
3620
52775
52778
3628
52787
52788
3641
3644
3645
3649
52804
3652
3660
52820
3677
3678
3680
3681
3686
3691
52849
3700
3705
52867
52870
3723
3724
3725
3726
3728
3730
52883
3731
52885
3733
3734
52888
3736
3737
3743
3744
3745
20131
3747
3750
20135
3751
3754
3755
3762
3764
20149
3765
3767
20152
3768
20155
3771
20156
3774
20159
3775
3779
20167
3784
20169
3785
3786
20171
3787
20172
3789
20174
3790
3792
20177
20180
3797
3802
20187
20190
3807
3810
3811
3813
3814
3818
20203
3823
3826
3827
3828
20213
3829
3832
20217
3835
3839
3840
3841
3842
20227
3844
20231
3847
20232
3851
3852
3853
3854
20239
20243
20246
20250
20253
20254
130850
130856
130865
130867
130870
130872
130873
130879
130883
130888
130897
130898
130899
130901
130902
130906
130918
130919
130921
130922
130926
130931
130940
130943
130956
130957
130958
130959
83888
42928
83890
42930
83891
42931
83893
83894
42934
30646
83896
42937
83903
42943
83904
42944
83905
42945
83907
42947
83909
83910
42950
83912
42953
30665
83919
42959
83920
57296
42960
83921
83922
83923
42963
83924
57300
30677
83926
57302
57303
30680
83929
57305
30681
57306
83932
30684
83935
42976
30688
83938
42978
57315
57316
57321
57323
30699
83951
42995
57332
83957
57333
42998
57336
83961
57337
43002
57339
30715
57340
83965
)


// ************************************************************************* //
