/*--------------------------------*- C++ -*----------------------------------*\
| =========                 |                                                 |
| \\      /  F ield         | OpenFOAM: The Open Source CFD Toolbox           |
|  \\    /   O peration     | Version:  2506                                  |
|   \\  /    A nd           | Website:  www.openfoam.com                      |
|    \\/     M anipulation  |                                                 |
\*---------------------------------------------------------------------------*/
FoamFile
{
    version     2.0;
    format      ascii;
    arch        "LSB;label=32;scalar=64";
    class       cellSet;
    location    "constant/polyMesh/sets";
    object      twoInternalFacesCells;
}
// * * * * * * * * * * * * * * * * * * * * * * * * * * * * * * * * * * * * * //


288
(
56320
56321
56328
63497
61449
60425
56329
63498
61450
60427
63505
61457
64530
63506
61458
64531
60441
64538
64539
60443
64576
61504
56384
56385
64578
61507
56392
62537
60489
56393
62538
60490
64592
62545
60497
64594
63570
62546
60498
63571
61528
63578
63579
61531
64640
63616
61568
60544
63617
61569
64642
60547
63624
61576
63625
61577
56457
56458
64656
56465
64658
56466
60568
60571
61632
60608
56512
56513
61634
60610
56520
63689
56521
63691
61648
60624
64722
61650
60626
64723
63705
64730
64731
63707
63744
56576
63745
56578
63752
64777
63753
60681
64778
60682
56592
64785
60689
64786
60690
56594
64832
63808
61760
59712
56640
59713
56641
64834
63810
61763
59720
56648
59721
56649
64848
63824
64850
63826
60754
60755
61784
60762
61787
60763
64896
64898
63881
60809
59785
63882
60810
59787
64912
63889
60817
64914
63890
60818
59801
59803
63936
60864
63938
60866
64969
59849
64971
59851
63952
60880
63954
60882
64985
59865
64987
59867
65024
59904
65026
59907
60937
60939
65040
65042
59928
60953
60955
59931
65088
59968
65089
59969
65096
59976
65097
61001
59977
61002
61009
61010
60032
60035
65161
65162
65169
65170
61074
61075
60056
61082
61083
60059
65216
61120
60096
65218
61122
60098
65232
61136
60112
65234
62162
61138
60114
62163
62170
62171
64256
62208
61184
60160
62209
61185
60161
64258
62216
61192
60168
65289
62217
61193
60169
65290
64272
65297
65298
64274
65344
64320
62272
64321
65346
62274
64328
64329
65360
62288
65362
62290
61266
61267
61274
61275
65408
64384
56192
65409
64386
56194
65416
65417
63369
62345
61321
63370
61322
62347
64400
56208
63377
61329
64402
63378
61330
56210
62361
62363
65472
64448
56256
56257
65474
64450
56264
61385
56265
61387
65488
64464
65490
64466
63442
63443
61401
63450
63451
61403
)


// ************************************************************************* //
