/*--------------------------------*- C++ -*----------------------------------*\
| =========                 |                                                 |
| \\      /  F ield         | OpenFOAM: The Open Source CFD Toolbox           |
|  \\    /   O peration     | Version:  2506                                  |
|   \\  /    A nd           | Website:  www.openfoam.com                      |
|    \\/     M anipulation  |                                                 |
\*---------------------------------------------------------------------------*/
FoamFile
{
    version     2.0;
    format      ascii;
    arch        "LSB;label=32;scalar=64";
    class       faceSet;
    location    "constant/polyMesh/sets";
    object      nonOrthoFaces;
}
// * * * * * * * * * * * * * * * * * * * * * * * * * * * * * * * * * * * * * //


1106
(
0
14336
20480
14337
20481
14338
14340
20484
5
20486
14343
8
20488
9
2057
20489
20492
13
20496
20497
20499
20500
20501
20502
23
24
20506
2078
20510
32
2081
20515
20519
20521
20526
2095
48
24624
49
2097
2100
24628
53
20534
24630
20535
24631
56
20536
20537
24634
20540
61
2112
66
20547
24643
2116
20548
24644
20549
20550
2119
72
20552
20554
24650
2123
20556
20559
80
20560
2131
2132
20564
20566
20567
24664
24665
20570
20571
24668
24670
24674
99
20579
20580
24679
2152
105
20585
20588
24684
20596
24692
20597
20601
20603
126
20606
127
20607
128
2176
129
20611
24711
20616
20617
20620
20621
24717
142
20622
143
20624
49296
145
146
49299
148
49300
20629
151
49303
20634
49306
2203
20639
24735
24736
24737
24738
20643
49315
49316
20645
49317
49319
20650
49322
49324
2222
24750
24751
2225
24753
20658
24754
20659
49331
20660
24756
49332
20661
24759
49335
20664
2239
2241
20674
20675
2244
49348
20677
20678
20680
49352
20682
20684
20687
49377
49381
49385
49393
49395
49398
49405
18688
49411
18692
49413
18695
49416
18698
49421
49422
18707
18708
28960
28962
28963
28964
28965
18728
28968
28975
28976
28977
28978
28980
28981
28984
18748
28990
28992
28993
28995
28996
28998
29002
29007
29012
29015
29018
18781
29034
18799
29039
2416
18802
29042
53619
2420
29046
2424
2427
29053
18815
29055
29056
18817
29057
29058
2435
2436
18820
53637
53639
29065
53642
53644
29070
29071
29073
29074
53651
29076
53655
29079
2460
29084
29085
53672
2480
53701
53705
2509
53713
53725
2530
70115
2533
70119
70122
53741
53742
2544
2545
2548
70133
70136
70139
70140
70142
70143
70151
70153
70155
70156
70158
70160
70161
70164
70169
70171
70172
70174
70175
70176
70182
70187
70197
70198
70200
70201
70206
27200
70211
27204
27206
70215
27207
70216
27210
70220
70223
70227
27219
27220
70230
27225
70234
70236
70237
70238
70239
27236
27237
27240
27241
27244
27248
27252
27259
27275
27281
27299
27300
27301
27302
27314
27315
27317
27318
27320
27322
68288
68292
68295
68296
68298
68299
4816
68307
4819
68308
4820
4822
4823
4826
68315
4827
68318
4835
4836
4837
4839
68328
68329
4842
4843
68332
68334
4846
4847
68336
68337
68340
4854
68344
4856
68345
4857
68348
4860
4861
68350
68351
68352
4864
23296
4868
23300
4869
68358
23302
23303
4874
23306
68363
4880
68369
4881
4883
23315
4884
23316
68374
4886
4887
68376
4890
23322
68382
4896
68390
4902
68391
68392
23336
68393
23337
4907
68396
23340
4910
23342
4911
49968
4913
4914
23346
68403
68404
49972
68405
68406
4918
2871
23351
49975
68408
49976
68410
49978
4923
49979
68412
23356
4926
68415
4927
4928
4929
49987
4932
23364
49988
4937
49995
2892
4942
49998
4943
4945
4946
4948
4951
23383
50008
50009
4955
4956
50012
2909
4957
23389
4958
50014
2912
4960
50016
50017
2915
4964
50020
4965
2919
4968
50024
4969
50025
2923
4972
50028
4973
50030
23407
50031
23408
50032
23409
23410
50038
2935
4983
4984
4985
50043
4988
23422
4991
23423
4992
23425
50049
4994
23426
4995
23428
50054
2951
23431
50056
5003
5004
5005
50062
5008
5009
5011
5014
50070
5015
50071
50072
50073
5019
50076
5024
27552
5025
27554
2979
27555
50083
2980
5028
27556
50084
50085
5029
27557
50086
5031
50088
5032
27560
50090
5034
50092
50095
2991
27567
27568
5041
27569
2994
27570
27572
27573
2999
5047
27576
5053
27582
68544
3008
27584
5057
27585
68546
5058
68547
27587
5060
27588
68549
3013
5061
68550
66502
27590
68552
68553
66505
3017
5066
27594
3021
68559
5071
27599
68560
68561
5074
68563
5075
5076
19412
27604
5077
68566
68567
3031
27607
3032
5080
66521
68570
27610
68571
66523
5085
70624
68578
5090
70627
5091
68580
19428
70629
68581
66533
5093
70630
5094
68583
70632
68584
66536
5096
70633
66537
5098
27626
68587
66539
66540
5100
5101
68590
5102
70639
68591
5103
27631
70640
66544
3056
19441
27634
68595
19444
66549
70646
19446
27638
68600
68601
66553
70650
68602
19450
68603
66555
66556
68605
27645
68606
66558
19455
27647
68608
27648
27649
27650
70660
70661
68613
66565
70664
3080
27657
68618
19466
70667
66571
70670
27662
70671
68623
27663
31760
27665
68626
27666
70675
68627
27668
31764
68629
68630
66582
27671
70680
66584
31768
70681
68634
19482
70683
31771
27676
70685
66589
27677
70686
68639
70688
68642
68643
31779
68644
66596
31780
70693
68645
66597
68648
66600
3113
70698
68651
70703
68655
68656
19504
68657
19505
68658
66610
70707
68660
70709
66614
68663
70714
66618
68667
68668
66620
31804
68669
68670
3134
19518
66623
68672
3137
70722
19522
70723
68675
70724
68676
70725
68679
19527
70728
68680
68682
68683
70735
3151
70736
19536
31824
70737
3153
70738
68691
19539
70740
68692
3156
68693
19542
70743
68696
19544
70747
68699
68700
70750
68702
68703
19551
3168
19552
3172
68711
68712
3176
68713
68715
3179
68716
31853
68718
68720
19568
68721
3187
68724
3188
68728
68729
68731
68732
19580
68734
68735
68736
13440
31874
13444
31877
68742
13447
68747
13451
3212
31888
68753
31889
13459
13460
31892
68757
19605
68758
68760
68761
68766
3232
68771
68774
68775
19623
68776
13480
68777
19626
68780
68783
68787
68788
19636
68789
19637
68790
68792
19640
68794
68796
68797
3261
68798
68799
13504
19648
19650
19651
19652
19653
19655
19656
19663
19664
19665
3282
19666
19668
3285
19669
19671
19672
13531
19678
3296
19680
3297
19681
19683
3300
19684
19686
19689
19690
13550
19695
13553
19700
19701
19703
19704
19706
19707
19710
13567
13569
13572
19716
19722
19727
19730
19731
19733
19734
19737
19741
19743
19744
19745
19746
19748
19753
19758
19759
19761
19762
19764
19767
19771
19772
19773
19774
13699
13717
13719
13722
13724
13731
13735
13752
13781
13785
13793
13805
13821
13822
1648
1652
1653
1656
1657
1660
1661
42627
1671
1672
1673
1676
1679
1680
1682
1683
42645
42647
42650
1691
1692
42652
1693
1696
1697
1699
42659
1702
1703
42663
1707
1712
1713
1716
1717
1719
1720
42680
1722
1729
1735
1741
48848
1745
1746
48851
1748
1749
42709
48853
48854
48856
42713
48857
1754
1759
48863
48864
42721
1762
1763
1764
1765
48870
1768
48874
1773
42733
1778
1779
48884
1781
48885
1782
1784
48888
1786
48891
1788
1789
42749
1790
42750
48894
1791
48895
48899
48904
48905
48907
48909
48910
48912
48917
48922
48927
48931
48933
48938
48946
48947
48948
48949
48952
48959
48960
48961
48962
48964
48967
48971
48974
14224
14227
14229
14230
14233
14239
1952
14240
1957
14246
1961
1965
14260
14261
1975
1976
14264
14267
14271
14275
14280
14285
2000
14298
14303
20448
20451
20453
20454
2024
20456
20457
20463
20464
14322
14323
14324
14325
20469
20472
14335
)


// ************************************************************************* //
