/*--------------------------------*- C++ -*----------------------------------*\
| =========                 |                                                 |
| \\      /  F ield         | OpenFOAM: The Open Source CFD Toolbox           |
|  \\    /   O peration     | Version:  2506                                  |
|   \\  /    A nd           | Website:  www.openfoam.com                      |
|    \\/     M anipulation  |                                                 |
\*---------------------------------------------------------------------------*/
FoamFile
{
    version     2.0;
    format      ascii;
    arch        "LSB;label=32;scalar=64";
    class       cellSet;
    location    "constant/polyMesh/sets";
    object      underdeterminedCells;
}
// * * * * * * * * * * * * * * * * * * * * * * * * * * * * * * * * * * * * * //


288
(
43008
41984
41472
37376
36864
36352
36865
43010
41986
41474
37378
36354
36872
39433
38409
37897
36873
38410
39435
37899
43024
42000
41488
37392
36368
38417
43026
42002
41490
38930
38418
37394
36370
38931
39449
37913
38938
39451
38939
37915
43072
42048
37952
37440
36928
36416
43073
36929
36417
42050
37954
37443
43080
36936
36424
43081
39497
38985
36937
36425
39498
38986
42064
37968
39505
38993
42066
41554
39506
38994
38482
37970
41555
38483
37464
41562
38490
41563
38491
37467
43136
42112
39552
38528
38016
36480
43137
42113
38530
36482
39555
38019
43144
42120
43145
42121
39049
37513
39050
37514
38544
36496
39057
37521
41618
39058
38546
37522
36498
41619
39576
38040
41626
41627
39579
38043
43200
41664
39616
39104
38592
37568
36544
38593
37569
43202
41666
39618
36546
39107
38600
37576
42185
38601
38089
37577
38090
42187
43216
41680
39632
36560
38097
43218
41682
39634
38098
36562
39128
42201
42203
39131
41728
39168
38144
36608
41729
36610
39171
38147
41736
42761
41737
41225
38665
37641
42762
41226
37642
38667
36624
42769
41233
37649
42770
41234
37650
36626
39192
38168
38681
39195
38683
38171
42816
41792
41280
39232
38720
38208
37696
42817
41281
38721
37697
41794
39234
38210
42824
41288
38728
37704
42825
41289
38729
37705
36681
36682
41808
39248
38224
36689
41810
39250
38226
36690
42880
41344
37760
36224
37761
42882
41346
36226
37768
41865
39305
38793
37769
36745
41866
39306
38795
36747
42896
41360
36240
41873
39313
42898
41874
41362
39314
38290
36242
38291
38809
36761
38298
38811
38299
36763
42944
41408
39360
36800
36288
42945
36289
41410
36802
39363
42952
36296
42953
41929
38857
38345
37833
36297
41930
38858
38346
37834
41424
36816
41937
38865
38353
37841
41938
41426
38866
38354
37842
36818
39384
39387
)


// ************************************************************************* //
