/*--------------------------------*- C++ -*----------------------------------*\
| =========                 |                                                 |
| \\      /  F ield         | OpenFOAM: The Open Source CFD Toolbox           |
|  \\    /   O peration     | Version:  2506                                  |
|   \\  /    A nd           | Website:  www.openfoam.com                      |
|    \\/     M anipulation  |                                                 |
\*---------------------------------------------------------------------------*/
FoamFile
{
    version     2.0;
    format      ascii;
    arch        "LSB;label=32;scalar=64";
    class       faceSet;
    location    "constant/polyMesh/sets";
    object      nonOrthoFaces;
}
// * * * * * * * * * * * * * * * * * * * * * * * * * * * * * * * * * * * * * //


1342
(
77824
16384
77825
16385
77826
16388
71685
71686
77831
71687
16392
71689
77834
71690
67596
77837
71694
67599
16401
77845
77846
77847
77849
77850
71706
71707
71709
77854
71710
16414
71713
71717
77866
77867
71724
77869
77870
71727
55344
77873
55346
55347
16436
77877
16437
55349
55350
55351
55352
77884
71740
71741
71742
77887
71743
55359
55360
55361
16450
55363
16454
55366
55367
55369
16458
55370
77900
77901
77902
77903
55378
55380
55381
55382
55383
77912
55385
55387
55388
77917
55392
55396
55397
55399
55400
77930
55403
55404
55406
77936
55413
67704
55419
67709
77950
55425
77957
55429
63621
55430
63623
55432
67720
77961
55433
77963
55437
67725
77966
77968
10384
55441
10387
55443
55444
77973
10389
55445
10390
55446
63638
10392
55448
67736
63641
10394
10395
55451
10397
10398
67742
10399
55455
10400
55456
55457
67745
55458
77987
67747
55460
77989
10405
63653
67749
67750
55463
63655
77993
63657
77994
10410
67754
10411
55467
63659
55468
63660
10413
55469
77998
10414
55470
10416
63664
78001
10417
10419
10420
63669
10422
10423
67767
78008
10424
63672
10425
67769
10426
10427
63675
10428
63676
67773
63678
67774
10434
67778
63685
67781
10438
10439
10441
78027
10443
63691
10444
67788
10445
78030
10447
10448
10449
10450
78035
10451
75989
10453
10454
63702
10455
63704
10459
67804
75997
63709
10463
67807
78048
10464
69857
10466
10467
10468
63716
76005
63717
10470
10471
10472
63720
10473
10474
10475
78061
76013
69869
10477
69870
10478
78063
63727
69872
10480
78065
76017
10481
69874
10482
63730
10483
78068
76020
10484
10485
76022
10486
69879
10487
63735
78072
10488
76025
10489
69882
10490
10491
63739
76028
76030
63742
78081
76036
69894
78094
76046
69914
76061
69918
76066
78116
78117
76069
69925
76071
76072
78127
69935
78130
76083
76086
78135
82232
76090
71997
69949
69950
76101
82248
74056
74061
72013
76113
82264
74074
76125
72030
74080
82273
82275
82277
76133
82278
76135
76137
82282
76138
76142
74094
74101
82295
82297
74105
76155
74107
76157
72061
82302
74110
74112
76161
72066
74117
72069
82316
76172
74131
74133
74137
74138
82332
76188
74142
82335
76191
74145
72101
74152
72113
74171
72125
74174
74179
72133
72135
72137
72138
72142
74192
72155
74205
72157
74207
74209
72161
63970
74212
74216
63976
72172
74225
63985
63987
63991
63994
63995
72188
74238
72191
64002
64007
72200
64014
74260
74261
72216
64025
64026
64027
64030
74271
53792
64032
78370
74274
53795
53796
64037
53798
74279
53799
78376
72232
53802
53803
78381
78385
72241
64050
78387
72243
53811
64051
53812
72245
53813
64053
72246
64054
78391
53815
53817
78394
72250
53818
64058
78395
53820
53821
64063
78400
78402
53827
53828
53829
68165
78407
72263
53832
64072
72265
53833
53835
64075
78414
72270
53838
53839
68177
53843
78421
53848
78425
53849
78426
78427
53851
64091
72284
53852
64092
53853
64093
68189
78430
53854
64094
78432
53856
78437
53861
68197
68199
68201
53866
68202
72300
68206
72303
53871
78450
53874
78451
53875
78453
53877
78454
53878
78457
78458
53882
68219
68221
78462
78463
53887
78465
68225
53890
53891
53892
53893
78472
53896
78475
68236
53901
53906
53907
53909
53910
53912
53914
78491
78492
53916
68252
78493
53917
78494
53918
53919
68255
76448
76465
70325
70337
76485
70349
21200
21204
70357
70359
21207
21208
70361
70362
21210
21211
70366
21219
21220
76521
70379
21227
70381
76526
21230
76529
70385
21240
21241
70396
21244
21246
21248
21249
21252
21256
21257
70412
21260
21262
70415
21263
21264
80661
76565
21270
21275
80673
76577
21281
21286
21288
80685
76589
21294
23344
23348
80693
76597
21302
23350
80695
76599
21303
23351
21304
80697
76601
21305
80698
76602
23355
21308
80702
76606
21315
23363
21316
23364
21317
21318
21320
21322
23370
80715
76619
21324
80717
76621
21327
80721
76625
23384
23385
80732
76636
23389
23392
23397
23402
80748
76652
80751
76655
23408
23414
23430
23435
23454
23455
23456
23457
23470
23471
23473
23474
23476
23479
85000
85005
85016
85021
70685
85032
70701
85038
85041
85043
85045
85046
85050
70718
85063
85065
85069
85070
21584
85074
21588
85077
21591
21592
21595
85084
70749
70754
21603
21604
70757
85100
21612
85103
21628
21629
21632
21635
70789
21639
21643
21648
70801
21655
70813
70821
70823
21671
70825
70826
21677
70830
70843
70845
70849
21698
21699
21700
21701
70860
21711
21712
21713
77010
21714
21716
81111
21719
68824
70876
70879
21728
77025
77027
21732
81125
77031
21735
21736
68840
77035
21739
77042
81139
21747
21748
77047
68856
21755
81149
81152
68865
81154
68867
81156
68869
68870
21768
81161
21769
77066
68874
21772
21774
21777
21780
81175
68887
21784
81177
68889
81181
21790
68894
27936
77090
27940
77094
27943
81192
21803
27947
68908
77103
21809
27955
27956
73013
77115
81212
68924
81215
68927
73025
85317
21830
21831
21832
27976
21833
77132
77133
73037
85329
21843
21844
73045
21845
21846
73047
21848
73049
73050
21850
85341
73054
28000
85349
85351
85353
85354
73067
73069
85358
9584
73073
9588
9590
9591
9594
85371
28027
73084
85373
9599
85377
9603
9604
9609
85388
73100
28046
73103
9616
28049
9620
9621
9624
9625
85404
9628
85407
28063
9632
28065
64930
9636
28068
69032
9643
69037
64941
28080
64945
75186
9651
64947
28084
28087
64951
69050
9658
28090
9659
64955
69056
9664
64960
75201
9665
64962
75203
28099
9668
28100
75206
64967
75208
77261
69070
75215
75218
9683
9684
69077
9685
64981
9686
28120
69081
64986
69083
77277
69086
75231
69088
9698
9699
69093
9701
9702
9704
9706
28140
77294
65010
69107
69109
65014
75257
69113
65017
69114
75261
69118
65022
65023
52736
56832
69121
65025
52738
56834
52739
56835
75269
52741
56837
52742
56838
69128
52744
56840
52745
56841
65035
77325
28173
75279
52751
56847
52752
56848
52753
56849
77330
52755
56851
77333
52757
56853
52758
56854
52760
56856
52761
56857
81434
69147
65052
75293
65053
75294
69150
28191
52767
56863
52768
56864
52769
56865
28194
52771
56867
52772
56868
65061
52774
56870
52776
56872
52777
56873
81452
52780
56876
28207
52784
56880
28209
52785
56881
65073
52786
56882
52787
56883
28212
52788
56884
77365
52789
56885
52790
56886
52794
56890
65085
81470
52798
56894
77377
52803
56899
65093
52806
56902
52807
56903
65095
81481
52809
56905
65097
52810
56906
65098
81484
77389
81486
52814
56910
65102
81488
52819
56915
81493
77397
52822
56918
77399
52823
56919
52824
56920
77401
52825
56921
77402
65115
52828
56924
65117
77406
52831
56927
65121
81507
52835
56931
52836
56932
81509
52837
56933
52838
56934
52840
56936
81514
52842
56938
77419
52844
56940
65132
77421
52845
56941
52846
56942
52847
56943
52848
77425
52850
52851
52852
52853
52855
81528
52856
77436
65148
52863
65151
52864
52865
52866
22147
52867
52868
52869
22150
52870
52875
81548
77452
52876
52877
81551
77455
52879
52880
52881
52883
52884
22165
22167
52888
22170
22171
52892
52893
22175
52895
52896
52897
52898
52900
22182
22185
52905
22188
22189
52910
22192
52915
22197
52918
52919
52921
22202
52922
52925
52929
22211
52931
52932
52933
22214
52934
52936
52941
52946
52947
52949
22230
52950
52952
52954
52956
52957
22238
52958
52959
24288
22242
24293
24296
24297
22251
24301
22255
22256
24311
24312
22265
22270
14079
24319
22274
22279
22284
24332
22285
24333
24337
14099
24339
24343
24347
24352
14119
24359
24375
24381
24402
24403
24404
24405
14166
14168
14170
53088
24418
53090
24419
53091
24421
53093
24422
53094
53095
24424
53096
24426
53103
53104
53105
73586
53107
53110
53111
73592
53113
53114
75649
73601
53122
73603
53124
75653
53125
53126
73607
53127
53129
73610
73611
53131
53132
75661
75662
75664
53136
75665
75666
73618
53140
53141
75671
73623
53143
53144
75674
53147
53148
75677
73630
53150
75685
53157
75686
75687
67496
75689
73641
75690
73642
73643
53163
75694
73646
73648
53169
73653
53173
53174
53176
67512
53177
75706
75707
75709
53181
75710
75713
53185
73666
73667
53187
53188
75717
73669
53189
73670
53190
53192
67528
73674
53195
75724
75727
73679
53199
53200
53201
67537
53202
67539
53204
67541
67542
53207
73688
67546
73691
53211
75740
53212
75741
53213
75742
53214
75743
71649
16356
71653
67559
67561
73707
73708
73709
71661
73710
71662
67566
71664
77809
71665
71666
16371
77813
71671
71674
67580
77821
71677
16381
77822
)


// ************************************************************************* //
