/*--------------------------------*- C++ -*----------------------------------*\
| =========                 |                                                 |
| \\      /  F ield         | OpenFOAM: The Open Source CFD Toolbox           |
|  \\    /   O peration     | Version:  2506                                  |
|   \\  /    A nd           | Website:  www.openfoam.com                      |
|    \\/     M anipulation  |                                                 |
\*---------------------------------------------------------------------------*/
FoamFile
{
    version     2.0;
    format      ascii;
    arch        "LSB;label=32;scalar=64";
    class       cellSet;
    location    "constant/polyMesh/sets";
    object      underdeterminedCells;
}
// * * * * * * * * * * * * * * * * * * * * * * * * * * * * * * * * * * * * * //


276
(
25600
23552
21504
12800
12288
25602
21506
12802
12290
23555
19465
19466
25616
21520
12816
12304
19473
25618
21522
19474
12818
12306
23576
23579
25664
23616
21568
23617
21570
25667
23624
23625
21065
21066
21584
21073
21586
21074
25688
25691
21632
21120
11392
11393
21634
21122
11400
23689
22153
11401
23690
22155
21648
21136
23697
23698
21650
21138
22169
22171
23744
23232
21696
19136
12480
23745
12481
23234
19138
21699
23752
12488
24265
23753
12489
24266
23248
19152
24273
24274
23250
22226
21202
19154
11474
22227
21203
11475
21720
22234
21210
11482
22235
21723
21211
11483
23808
23296
22272
12544
23809
22274
12546
23299
23816
23817
22793
21769
19209
11529
22794
21770
11530
19211
22288
12560
22801
21777
11537
22802
22290
21778
21266
12562
11538
21267
23320
19225
21274
23323
21275
19227
22336
21312
20800
12608
12096
11584
22337
21313
20801
12610
12098
11586
22344
21320
20808
24905
22345
21321
20809
19273
19274
24907
12624
12112
11600
19281
24402
23890
22866
21842
19282
12626
12114
11602
11090
24403
23891
22867
21843
11091
24921
24410
23898
22874
21850
11098
24923
24411
23899
22875
21851
11099
22912
21376
12672
11136
12673
22914
21378
11138
4996
4999
12680
24969
23945
22409
20873
12681
11657
24970
23946
22410
20874
11658
5004
5007
22928
21392
11152
24977
23953
22417
20881
11665
24978
23954
22930
22418
21394
20882
19346
16786
11666
11154
19347
16787
5012
5015
19354
16794
19355
16795
5020
5023
5024
5025
5026
5027
5036
5039
5045
5046
5048
5049
5050
5051
23488
22976
21440
16832
23490
21442
16834
22979
12745
11209
11210
12747
23504
21456
16848
11217
23506
21458
19410
16850
11218
19411
23000
12761
19418
23003
19419
12763
)


// ************************************************************************* //
