/*--------------------------------*- C++ -*----------------------------------*\
| =========                 |                                                 |
| \\      /  F ield         | OpenFOAM: The Open Source CFD Toolbox           |
|  \\    /   O peration     | Version:  2506                                  |
|   \\  /    A nd           | Website:  www.openfoam.com                      |
|    \\/     M anipulation  |                                                 |
\*---------------------------------------------------------------------------*/
FoamFile
{
    version     2.0;
    format      ascii;
    arch        "LSB;label=32;scalar=64";
    class       faceSet;
    location    "constant/polyMesh/sets";
    object      nonOrthoFaces;
}
// * * * * * * * * * * * * * * * * * * * * * * * * * * * * * * * * * * * * * //


1022
(
30724
30730
30735
30739
30741
30745
30751
30752
30753
30754
30756
30766
30767
30769
30770
30772
30775
30779
30782
34928
34931
34934
34937
34943
34944
34964
34984
35007
35026
35029
35040
35041
35044
86295
86315
86329
86332
86334
31040
86337
31042
31043
86340
31044
31045
31047
31048
86350
31055
31056
31057
31058
31060
31061
31063
31064
86363
31070
31072
31073
31075
31076
31078
31081
31082
31087
4464
4467
31092
4468
31093
4470
86391
31095
4471
86392
31096
31098
4474
31099
4475
31102
86403
4483
31108
4484
4485
86406
4487
86410
31114
4490
4491
4494
31119
4495
31122
86419
31123
31125
31126
4502
86423
4504
31129
4505
4508
31133
4509
31135
31136
4512
31137
31138
31140
4516
86437
4517
86440
31145
4522
86443
86444
31150
86447
31151
4528
31153
4529
31154
4531
31156
4532
4534
86455
31159
4535
86457
4538
86459
31163
86460
31164
31165
86462
31166
4544
86465
86468
4550
86475
4555
86478
4558
4559
4561
4562
4566
86491
4571
4574
4575
41440
6624
4576
4577
41443
41444
4580
86501
41445
6629
41448
6632
86505
6633
4585
6637
4590
41455
4591
41456
4593
4594
86515
41459
4596
86519
6647
4599
86520
6648
4603
41468
4604
41469
4605
4606
86527
6655
41472
41473
86531
41476
86534
41480
86538
41484
6668
86541
6669
86542
47632
41489
6673
6675
47636
47639
6679
47640
47643
6683
41502
6688
47651
41507
47652
6695
47659
41523
41524
41525
41526
6711
47672
47673
47676
6717
47678
31296
47681
41538
41539
47684
31300
41541
41542
31302
31303
47688
41544
31305
41546
31306
47694
39504
39506
6738
39507
31315
6739
31316
6740
39509
6741
39510
39512
39513
31321
47707
31323
39519
39520
47713
39521
6754
39523
6755
31332
39525
31333
6757
39526
6758
39528
31336
6760
39529
31337
6762
31339
31340
39535
39536
31344
39537
39539
39540
31348
31349
47734
39542
47735
47736
39544
47737
39545
31353
31355
39548
31356
31358
39552
39553
39554
47747
39555
47748
39556
47749
39557
31365
47750
39558
47752
47754
39562
31371
39566
31377
39571
39574
31382
68247
39575
31384
39577
39578
31389
39582
39587
31395
31396
31397
39590
31398
39591
39592
31400
39593
68267
39596
39599
31410
39603
31411
39604
39605
31413
39606
31414
39608
31416
68281
39610
31418
68284
39612
31420
39613
68286
39614
39615
31423
68289
68292
68302
68315
6896
6899
6901
6902
68343
68344
6905
6911
6912
68355
68358
6918
68362
6932
6933
6936
6939
6943
6947
6952
6957
6970
6975
6994
6995
6996
6997
7007
80736
7008
80737
7009
80738
7010
80740
7012
80742
7015
80747
80748
80749
80750
80752
7024
80754
7029
80759
80760
7032
7033
80762
7037
80772
80774
7047
7048
7055
80791
64407
80794
7068
7069
80798
7073
7075
80805
80807
7079
80810
64427
7083
80815
7088
80820
80821
7095
80824
64441
64444
80829
80830
64446
64449
80834
80836
64452
7111
7117
64462
80849
80850
80852
80853
80856
64475
80862
80865
7138
80867
7139
80868
7140
7141
80870
80874
80879
7154
7155
7157
7158
80887
64503
64504
7160
80890
7162
64515
64518
80906
64522
80914
80918
80925
80928
46112
80929
46116
46119
46120
80937
46123
80942
80946
46131
46132
80951
46139
80956
80957
46152
46153
46156
46158
46161
46164
46168
46174
46187
89200
46193
89203
89206
89209
89215
89216
46214
46215
46216
46217
46227
89236
46228
46229
46230
46232
46234
79008
79010
79011
79012
79014
89256
79019
79020
79023
79032
79033
79035
79036
79038
89279
5312
79041
5315
79044
5316
5318
5319
79048
5321
5322
89298
79058
5331
5332
89301
5333
79063
5335
5337
5338
5339
5340
89312
89313
5347
89316
5348
5349
79079
5351
79080
5352
79081
5353
79082
5355
5356
5360
79091
79092
5364
79093
5365
79094
79096
5368
5369
79098
5371
5372
5374
5381
5387
56592
5393
56596
5397
5398
56600
5400
5401
56603
5405
46368
5409
56611
46371
5411
56612
5412
46373
5413
46374
5414
5416
46377
5421
46383
46384
5426
5427
5429
46390
5430
56632
5432
5434
5436
5437
5438
5439
46404
46405
56648
46408
46411
46415
46419
46424
46429
40288
56673
40290
40291
40293
40294
89447
40296
40297
46442
46447
40303
40304
40305
40307
40309
56694
40310
40312
56697
40313
89467
40319
40320
40321
46466
46467
40323
56708
46468
40324
56709
46469
40326
56712
40328
89481
40329
89484
40332
89486
46479
46480
40336
89489
46481
40337
46482
40338
40339
89492
46484
40340
40341
40342
46487
40346
89502
40350
40355
40358
40359
40361
40362
89515
40366
40371
40374
40375
40376
40377
40380
40383
40387
40388
40389
40390
89543
89544
40392
40394
40396
40397
40398
40399
89555
89558
89562
5600
5604
5605
5608
5609
5612
5613
5623
5624
5625
5628
5631
46592
5632
5634
46595
5635
46597
46598
46601
5643
5644
5645
46607
46608
5648
5649
5651
46614
5654
5655
5659
5664
5665
46628
5668
46629
5669
5671
46632
5672
5674
46635
46639
5681
46643
5687
46648
46653
5693
79424
5697
79426
5698
79427
79428
5700
5701
79430
46666
5706
79435
79436
79439
46671
5711
5714
5715
5716
5717
79448
5720
79449
79451
79452
5725
79454
79457
46690
5730
46691
5731
79460
46692
46693
5733
5734
79464
5736
5738
5740
5741
5742
46703
5743
46704
46705
79474
46706
46708
79479
46711
79495
79496
79497
79498
87696
87698
87699
79507
87700
79508
79509
87702
79510
79512
79514
87707
87708
87712
87724
87725
87727
87729
87732
87736
87740
87745
87758
7888
7890
87763
7891
7892
57045
7893
7895
7896
7903
7904
7905
7906
87779
7907
87780
7908
87781
7909
87782
57062
7910
7915
7916
7917
87791
7919
87792
7920
87793
7921
87794
7923
87796
7924
57077
87799
57080
7928
57083
7932
7933
57087
7935
87808
7936
7937
7938
87811
57091
7940
87813
87814
87816
7945
57101
7950
87823
87824
7955
87829
7958
7959
7961
57114
7962
7965
87840
87841
7969
87843
7971
87844
7972
7973
87846
7974
7976
87849
87852
7981
87858
7986
57139
7987
57140
7989
7990
7992
7994
7996
7997
7998
87871
57151
7999
57154
87877
57159
87895
87896
87897
87898
87907
87908
87909
87910
87912
87914
69493
69510
69525
69528
69531
69535
69539
69549
69562
30656
30659
30660
30661
30663
30664
30671
30672
69587
69588
30676
30679
69599
30688
30689
69602
30692
30694
69607
30697
30698
30703
30708
30709
30712
30714
30715
30718
)


// ************************************************************************* //
