/*--------------------------------*- C++ -*----------------------------------*\
| =========                 |                                                 |
| \\      /  F ield         | OpenFOAM: The Open Source CFD Toolbox           |
|  \\    /   O peration     | Version:  2506                                  |
|   \\  /    A nd           | Website:  www.openfoam.com                      |
|    \\/     M anipulation  |                                                 |
\*---------------------------------------------------------------------------*/
FoamFile
{
    version     2.0;
    format      ascii;
    arch        "LSB;label=32;scalar=64";
    class       cellSet;
    location    "constant/polyMesh/sets";
    object      underdeterminedCells;
}
// * * * * * * * * * * * * * * * * * * * * * * * * * * * * * * * * * * * * * //


288
(
55296
55297
55304
60425
56329
55305
60427
56331
57362
57363
60441
56345
57370
60443
57371
56347
59456
55360
55361
59458
55368
57417
56393
55369
56394
57419
59472
56401
60498
59474
56402
60499
57433
60506
60507
57435
60544
55424
60546
55427
59529
57481
56457
56458
59531
57483
60560
56465
60562
56466
55448
59545
57497
59547
57499
55451
60608
55488
60609
55490
60616
60617
56521
56522
55504
56529
59602
56530
55506
59603
59610
59611
55552
55554
60681
60682
55568
60689
60690
58642
56594
55570
58643
56595
58650
56602
58651
56603
59712
58688
56640
58689
56641
59714
58696
56648
60745
58697
56649
60746
59728
60753
60754
59730
60800
58752
60801
58754
60808
60809
59785
56713
55689
59786
56714
55691
58768
59793
56721
59794
58770
56722
55705
55707
60864
59840
58816
60866
59842
58818
55753
55755
60880
59856
58832
60882
59858
58834
55769
55771
60928
59904
58880
55808
60929
58881
59906
55810
60936
58888
60937
58889
56841
54793
56842
54794
59920
55824
56849
54801
59922
56850
55826
54802
60992
55872
54848
54849
60994
55875
54856
58953
54857
58954
61008
58961
61010
58962
56914
56915
55896
56922
56923
55899
61056
60032
59008
56960
55936
54912
59009
55937
54913
61058
60034
56962
59016
55944
54920
59017
55945
54921
61072
60048
56976
61074
60050
56978
60096
57024
54976
60098
54978
57027
59081
56009
59082
56010
60112
54992
59089
56017
60114
59090
56018
54994
57048
57051
60160
60162
57097
55049
57098
55050
60176
57105
55057
60178
57106
55058
57152
56128
55104
56129
55105
57155
56136
55112
60233
56137
55113
60234
60241
60242
57176
57179
57216
56192
55168
56193
57218
55170
56200
60297
56201
60299
57232
55184
57234
55186
60313
60315
57280
55232
55233
57283
55240
60361
55241
60363
56274
56275
57304
60377
56282
60379
57307
56283
)


// ************************************************************************* //
