/*--------------------------------*- C++ -*----------------------------------*\
| =========                 |                                                 |
| \\      /  F ield         | OpenFOAM: The Open Source CFD Toolbox           |
|  \\    /   O peration     | Version:  2506                                  |
|   \\  /    A nd           | Website:  www.openfoam.com                      |
|    \\/     M anipulation  |                                                 |
\*---------------------------------------------------------------------------*/
FoamFile
{
    version     2.0;
    format      ascii;
    arch        "LSB;label=32;scalar=64";
    class       faceSet;
    location    "constant/polyMesh/sets";
    object      nonOrthoFaces;
}
// * * * * * * * * * * * * * * * * * * * * * * * * * * * * * * * * * * * * * //


924
(
40961
40964
40965
40966
40967
40968
79881
40969
40970
40974
40978
79893
40983
79896
79897
40986
40987
79900
40989
40990
79904
40993
40997
40999
41000
41001
41002
79915
41004
41007
41011
41012
41013
41014
41016
41018
79931
41020
41021
41022
41023
79956
79957
79970
79974
79978
8338
8341
8353
8355
8357
8358
8361
8367
8369
8371
8372
8374
8377
8380
8386
8388
8398
8406
8410
8419
8423
8424
8431
8435
8438
8442
8445
8446
53559
53580
53597
53600
53603
53607
53611
53623
6528
6532
6534
53639
6535
6537
6538
6547
6548
6553
6555
2464
53667
53668
6564
2468
6565
6568
2472
6569
6571
2475
6572
53679
6576
53682
2483
6580
2484
6581
53687
6585
6587
6588
6590
6597
6603
2508
464
6609
468
6614
470
471
6616
475
6621
2528
6627
483
6628
484
6629
6630
6632
490
6642
6643
6645
6646
6648
504
505
6650
6652
2557
509
6655
512
84481
84485
517
522
84493
84494
84496
528
84497
84498
2578
2581
534
84503
84506
84509
2592
2593
2596
84517
84518
550
84519
84521
84522
555
84526
2608
2613
2616
2617
84538
84539
84541
2621
84542
574
575
576
84545
577
84549
2631
2632
84556
590
84559
591
2640
593
594
596
599
84572
84573
84574
84575
2656
608
2657
2661
613
2664
617
2669
621
43632
2674
43635
43637
631
43640
2680
632
43647
43648
2688
43664
656
2707
2713
43684
680
2734
2735
2736
2737
2750
43711
2751
2753
2754
2756
2759
713
43727
2768
43730
2772
62165
2774
2775
2779
734
43743
43745
737
2787
43748
2788
62182
2794
751
753
756
62197
62199
2808
62201
2809
62204
2813
62208
2816
2821
2826
62219
2832
2838
62235
2854
2859
62260
62261
2878
62271
2879
2880
2881
62274
62279
2894
2895
2897
2898
2900
2903
13144
13160
13176
13185
13187
13189
13190
13194
13207
13209
13214
60320
60323
60324
60327
60328
60330
60331
13228
60339
60340
60341
60344
60347
60348
13244
60350
60351
13247
60359
60360
60361
60363
60364
60366
60368
60369
60372
60376
60377
60379
60380
60382
60383
60384
44003
60390
60395
60401
60405
44021
60406
44023
60408
60409
44026
44028
60414
39936
60419
44035
39939
39941
60422
39942
60423
44039
60424
60425
39945
60428
60431
39951
39952
60435
60436
60437
39957
60438
60440
44056
60442
60444
60445
60446
60447
39968
39969
39972
39974
39977
39980
39984
39988
44085
44089
39998
44097
40003
44109
40022
40023
40024
40025
44125
44126
40035
40036
40037
40038
40040
40042
23696
23699
23700
23701
23704
23711
23712
85154
23716
85159
23728
85169
23729
85171
23732
85174
23734
85175
85176
23738
85183
23743
85186
23748
85189
23754
85197
85199
85200
36048
1232
85203
36051
85204
36053
1237
36054
36057
1241
85210
23770
1245
36063
23775
36064
36069
79078
1255
1256
85225
85226
85228
85229
23791
36080
23792
85233
36081
23793
23794
36084
85237
36086
79097
36089
85244
36092
23806
85247
23807
36096
1280
23809
23810
36100
23812
79109
23815
79112
79113
85260
79116
85261
85262
36110
85263
79120
66834
36115
66839
1304
79131
66849
66850
66852
66853
66854
36134
36135
36136
36137
79147
66859
66863
66867
36147
36148
36149
36150
36152
1337
36154
66877
66879
66880
36160
66882
36163
79172
66884
79173
36165
36166
66889
36169
1358
36175
36176
1361
79186
36181
79190
66902
66903
66905
79194
66906
66909
1375
36192
17760
66913
36193
1377
17762
79203
17763
36196
1380
17765
36198
17766
66920
17768
36201
17769
36204
66925
17775
36208
17776
17777
17779
36212
79221
17781
17782
79223
17784
17785
79226
79228
66940
66941
66942
36222
66943
17791
17792
17793
79235
36227
17795
17796
17798
79239
17800
17801
17804
17808
17809
17810
17811
17812
17813
36246
17814
36247
79256
36248
36249
17818
17822
36259
17827
36260
36261
36262
17830
17831
36264
17833
36266
17834
17838
17843
79285
17846
17847
17848
79289
17849
17852
17855
79297
17859
17860
17861
17862
17864
17866
17868
79309
17869
17870
17871
48600
79325
79326
79335
48623
79356
48637
48641
48643
48647
48651
79373
79376
79379
79383
48663
79387
79399
48679
79415
48707
48708
48722
79443
79444
48726
48730
79455
79458
79463
79472
54896
79475
54899
54900
54901
79478
54904
79481
79487
54911
79488
54912
38528
54916
38532
38534
38535
38539
52876
54928
54929
38547
79508
54932
38548
54934
38553
54938
54943
1696
52898
54948
38564
38565
1701
79528
1704
38569
1705
54954
38571
1709
38575
38579
52918
1719
38584
1720
54970
38589
79551
54975
22208
1728
52929
22211
22212
52933
22214
22215
52936
22217
52938
38602
22218
54991
38607
54992
1744
54993
52945
1745
79570
54994
22227
22228
79573
22229
1749
22231
1752
22233
22234
22235
22236
1757
55006
55007
79584
79585
55009
55010
52962
38626
1762
38627
22243
79588
55012
52964
38628
22244
38629
22245
55015
22247
22248
1768
22249
52970
22251
22252
22256
1776
38642
38643
22260
38645
22261
38646
79607
52984
38648
22264
22265
38650
22267
22268
22270
1795
22277
1801
79627
22283
53004
53007
22289
22293
22294
53015
22296
79641
22297
79644
22301
79646
1822
1823
1824
79649
22305
1825
22307
79652
22308
22309
22310
22312
53036
22317
79662
1838
1839
1841
22322
1842
22323
1844
22325
22326
1847
22328
22330
79675
22332
53053
22333
22334
22335
53056
1856
53059
1861
53063
1865
53067
1869
79703
53079
1879
79704
1880
79715
79718
53095
79722
1904
79731
53123
53124
79749
79751
1928
79754
79756
53135
53138
79763
79767
53143
79784
1961
1982
1985
79813
79817
1999
79825
2001
2004
79837
40928
40929
40930
40931
40932
40933
40934
40939
40940
79853
40941
79854
40942
40943
40944
40945
40946
79862
40951
40952
40953
40954
40955
40956
40957
40958
)


// ************************************************************************* //
