/*--------------------------------*- C++ -*----------------------------------*\
| =========                 |                                                 |
| \\      /  F ield         | OpenFOAM: The Open Source CFD Toolbox           |
|  \\    /   O peration     | Version:  2506                                  |
|   \\  /    A nd           | Website:  www.openfoam.com                      |
|    \\/     M anipulation  |                                                 |
\*---------------------------------------------------------------------------*/
FoamFile
{
    version     2.0;
    format      ascii;
    arch        "LSB;label=32;scalar=64";
    class       cellSet;
    location    "constant/polyMesh/sets";
    object      twoInternalFacesCells;
}
// * * * * * * * * * * * * * * * * * * * * * * * * * * * * * * * * * * * * * //


288
(
41472
35840
35328
34304
33792
33280
32768
32256
31744
35329
32257
31745
41474
35842
34306
33282
32770
33795
35336
32264
31752
35337
34825
32265
31753
29705
34827
29707
41488
35856
34320
33296
32784
41490
35858
34322
33298
32786
33816
34841
29721
34843
33819
29723
34880
33856
31808
28224
28225
34883
33859
31811
28232
41545
35913
34377
33353
31305
28233
41546
35914
34378
31306
33355
41553
35921
34385
31313
41554
35922
34386
31314
27730
27731
34904
33880
31832
33369
27738
34907
33883
33371
31835
27739
41600
32896
30848
41601
32897
30851
41608
32904
41609
35465
32905
28809
27785
35466
28810
27787
35473
28817
35986
35474
31890
28818
35987
31891
30872
27801
35994
31898
35995
31899
30875
27803
41664
32960
31936
31937
41666
32962
31944
34505
33993
33481
31945
31433
30409
28873
33994
33482
34507
31435
30411
28875
41680
32976
34001
33489
41682
35026
34002
33490
32978
32466
35027
32467
34521
31449
30425
28889
35034
32474
35035
34523
32475
31451
30427
28891
34048
33024
32512
30976
28416
28417
34050
33026
32514
30979
28424
41737
35081
33545
32009
28425
41738
35082
33546
32010
34064
33040
32528
41745
35089
33553
32017
41746
35090
34066
33554
33042
32530
32018
31000
31003
41280
33600
33088
32576
30528
32577
41282
33602
33090
30531
32584
34633
32585
34635
41296
33616
33104
41298
33618
33106
32082
31570
32083
31571
30552
34649
32090
31578
34651
32091
31579
30555
41344
34688
33152
31616
41345
34689
33154
31619
41352
34696
41353
34697
32649
32137
32651
32139
33168
33170
31640
32665
32153
32667
32155
31643
35264
33728
32704
32192
31168
31169
35266
33730
32706
32194
31176
41417
34249
31689
31177
30665
34250
31690
30666
41419
35280
33744
32720
32208
34257
31697
30673
35282
34258
33746
32722
32210
31698
30674
41433
41435
)


// ************************************************************************* //
