/*--------------------------------*- C++ -*----------------------------------*\
| =========                 |                                                 |
| \\      /  F ield         | OpenFOAM: The Open Source CFD Toolbox           |
|  \\    /   O peration     | Version:  2506                                  |
|   \\  /    A nd           | Website:  www.openfoam.com                      |
|    \\/     M anipulation  |                                                 |
\*---------------------------------------------------------------------------*/
FoamFile
{
    version     2.0;
    format      ascii;
    arch        "LSB;label=32;scalar=64";
    class       faceSet;
    location    "constant/polyMesh/sets";
    object      nonOrthoFaces;
}
// * * * * * * * * * * * * * * * * * * * * * * * * * * * * * * * * * * * * * //


706
(
84000
84003
84004
84005
84007
84008
84015
84016
84019
84021
84028
84029
84032
84033
84035
84036
84040
84044
84045
84048
84049
84050
84052
84057
84062
84067
84071
84073
84077
84083
84084
84085
84086
84088
84098
84099
84101
84102
84104
84106
84108
84111
84112
84113
84114
84115
84116
84117
84118
84123
84124
84125
84126
84127
84128
30880
84129
84130
30884
84135
30887
84136
84137
84138
30890
84139
84140
84141
84142
43184
10416
84145
10418
30899
10419
84148
43188
30900
84149
10421
84150
10422
84151
10423
84152
43192
10424
84153
84154
43195
84158
10431
10432
10433
84162
43203
10435
43204
30916
10437
10438
84167
10439
10440
84170
84171
84173
84174
10447
10448
84177
10449
10450
10451
30932
10452
84181
10453
10454
84183
84184
84185
10457
84186
84188
43228
10460
10461
84191
10463
10464
10466
84195
10467
84196
10468
84197
84198
84200
84202
10474
84204
84205
84206
84207
10479
43248
30961
10485
10489
10490
10492
10493
10497
30979
10501
30982
10503
10504
10505
10506
10508
43277
10511
30995
10515
10516
30997
10517
10518
31000
10520
10522
10524
10525
10526
10527
43298
43301
43312
43313
43316
55632
55636
55638
55639
55642
55651
55652
55657
55668
55669
55672
55673
55676
55680
55684
55691
55707
63904
55713
63909
63912
63913
63917
55731
55732
55733
55734
70071
63927
63928
63935
55746
55747
55749
55750
55752
55754
70091
63948
63949
63953
63955
63959
70105
63963
70108
70110
63968
70113
70116
63975
70126
63991
70139
63997
64018
64019
64020
64021
70167
70168
64034
70179
64035
64037
70182
64038
64040
70186
64042
68144
68147
68149
68150
68153
68159
68160
14913
14917
68166
14925
14926
14928
14929
14930
68180
68181
14935
68184
14938
68187
14941
68191
68195
14949
14950
14951
68200
14953
14954
68205
14958
68218
14970
14971
14973
14974
68223
14977
14981
14988
14991
68242
68243
68244
68245
15004
15005
15006
68255
15007
68256
68257
68258
68260
68263
70423
70431
70443
70451
70457
70460
70462
70465
70468
70478
70484
70490
70491
70496
70500
70519
70520
70531
70534
70538
60304
912
915
60308
916
60311
60312
920
60315
923
60323
931
60324
932
933
936
60331
941
945
60344
60345
954
60348
956
60350
959
60353
60356
60360
60366
976
979
60379
60385
1005
1009
1013
60406
60407
60408
60409
1023
1026
60419
60420
60421
1029
60422
60424
60426
1035
37904
1040
1041
37907
1044
37910
37911
37912
1052
1053
37919
37920
37927
37936
37941
37948
37949
37952
37955
37956
37962
37973
37978
37980
37985
37991
37994
37996
38004
38005
38008
38012
38015
52352
52354
52355
52357
52358
52360
52367
52368
52369
52371
52373
52374
52376
52383
79008
52384
52385
52386
52387
79012
52388
52390
79015
52393
79019
52396
52399
52402
79027
79028
52415
64704
64707
64708
52421
64710
64711
79048
52425
64714
64715
52429
64723
64724
64725
52437
64727
52439
52440
64729
52441
64730
52442
64732
64733
52447
79072
64739
52451
64740
52452
64741
52453
52454
64744
52456
64745
52458
64747
52461
64750
52462
64751
64755
64760
64761
79099
64763
64764
64765
64766
64768
64773
64778
79118
64783
79121
64786
64787
64789
64790
64794
79135
64799
79137
64802
64803
79140
64804
64805
54567
64808
64813
36144
64818
64819
36147
36148
64821
64822
36151
64824
36152
64826
54587
36155
64828
64829
64830
64831
36163
36164
36165
36168
54601
54604
36172
36173
54606
54609
36177
54612
36186
36188
36189
54622
36191
36192
36195
36199
54635
36203
36208
36211
36215
54663
36231
54664
36237
36241
54675
36245
54678
54682
36255
36258
36259
36260
36261
36267
36271
36272
36273
36274
36276
36279
36284
36285
67136
67139
67142
67145
67151
67152
67172
67192
67215
67234
67237
67248
67249
67252
28480
28484
28488
28491
63312
63315
28499
28500
63317
63318
63321
63327
63328
3936
3939
3940
63333
3941
3943
3944
28524
3951
63344
3952
63345
63348
3956
63350
3959
63353
63356
63360
28544
3968
3969
14210
63364
3972
3974
14215
3977
3978
63374
3983
14225
63379
14227
3988
3989
14230
14231
14232
3992
3994
3995
28573
3998
14239
14242
4004
14245
63398
63399
63400
63401
4010
14253
14255
4015
14256
28594
63411
14259
4019
63412
14260
63413
28597
4021
63414
63416
4025
63418
14266
4031
28608
4032
28609
4033
4034
28612
4036
14281
14282
14284
14285
4046
4047
14289
4049
4050
4052
14293
4055
4059
14300
4062
14303
14316
14317
14318
14319
)


// ************************************************************************* //
