/*--------------------------------*- C++ -*----------------------------------*\
| =========                 |                                                 |
| \\      /  F ield         | OpenFOAM: The Open Source CFD Toolbox           |
|  \\    /   O peration     | Version:  2506                                  |
|   \\  /    A nd           | Website:  www.openfoam.com                      |
|    \\/     M anipulation  |                                                 |
\*---------------------------------------------------------------------------*/
FoamFile
{
    version     2.0;
    format      ascii;
    arch        "LSB;label=32;scalar=64";
    class       cellSet;
    location    "constant/polyMesh/sets";
    object      twoInternalFacesCells;
}
// * * * * * * * * * * * * * * * * * * * * * * * * * * * * * * * * * * * * * //


288
(
67584
65536
63488
67585
63489
65538
67592
63496
67593
66569
63497
66571
65552
65554
66585
66587
66624
62528
66625
62531
66632
66633
65609
63561
63562
65611
63569
63570
62552
65625
65627
62555
66688
65664
63616
65665
66690
63619
65672
65673
66704
66706
63640
63643
65728
63680
63681
65730
63688
66761
63689
62665
62666
66763
65744
62673
65746
62674
66777
66779
65792
65793
65800
65801
63753
62729
63755
62731
66834
66835
63769
62745
66842
66843
63771
62747
66880
65856
66882
65858
63817
62793
63819
62795
66896
65872
66898
65874
63833
62809
63835
62811
66944
65920
62848
65922
62850
66947
63881
58761
58762
63883
65936
62864
58769
65938
62866
58770
66968
63897
66971
63899
65984
63936
65986
63939
62921
58825
62922
58826
66000
62929
58833
67026
66002
62930
58834
67027
63960
67034
67035
63963
67072
62976
67074
62978
66057
64009
58889
66058
64010
58890
67088
62992
66065
64017
58897
67090
66066
64018
62994
58898
67136
64064
63040
58944
64065
63041
67138
58946
64072
63048
65097
64073
63049
62025
65099
62027
67152
58960
67154
66130
58962
66131
65113
62041
66138
66139
65115
62043
65152
59008
59009
65154
59016
67209
66185
64137
63113
59017
67210
66186
64138
63114
65168
67217
66193
64145
63121
67218
66194
65170
64146
63122
67264
66240
64192
59072
67265
64193
66242
59074
67272
64200
67273
64201
66256
59088
66258
65234
63186
59090
65235
63187
65242
63194
65243
63195
67328
63232
59136
63233
67330
59138
63240
64265
63241
64266
67344
59152
64273
67346
66322
64274
59154
66323
66330
66331
59200
59202
67401
66377
67402
66378
59216
67409
66385
67410
66386
63314
59218
63315
63322
63323
67456
66432
63360
67458
66434
63362
67472
66448
63376
67474
66450
63378
67520
66496
63424
66497
63425
67522
66504
63432
66505
63433
67536
67538
)


// ************************************************************************* //
