/*--------------------------------*- C++ -*----------------------------------*\
| =========                 |                                                 |
| \\      /  F ield         | OpenFOAM: The Open Source CFD Toolbox           |
|  \\    /   O peration     | Version:  2506                                  |
|   \\  /    A nd           | Website:  www.openfoam.com                      |
|    \\/     M anipulation  |                                                 |
\*---------------------------------------------------------------------------*/
FoamFile
{
    version     2.0;
    format      ascii;
    arch        "LSB;label=32;scalar=64";
    class       faceSet;
    location    "constant/polyMesh/sets";
    object      nonOrthoFaces;
}
// * * * * * * * * * * * * * * * * * * * * * * * * * * * * * * * * * * * * * //


714
(
22528
32769
32771
32773
32774
32778
22539
38924
32791
30744
32793
22555
32798
38947
32812
30767
38963
22580
22581
38966
32828
30781
32831
22591
38976
38977
30785
22594
30787
38980
30791
22599
30795
12371
30807
12377
12389
30823
12391
12394
12395
12396
12403
12407
12411
30851
30852
12421
12424
12425
12428
12430
10384
30866
10388
12437
30870
10390
10391
30874
10395
30880
10403
30884
10404
12453
12454
30887
12456
12457
10410
30891
12461
12465
30899
30900
12472
10424
10425
12477
10429
10432
30916
10437
22728
10442
12492
12493
12494
12495
10448
26837
10454
30936
22746
26853
10470
10475
22766
30959
26865
26867
26868
26870
26873
22777
22779
22782
10494
10495
22784
10496
10497
30978
26882
30981
22789
10510
26895
10511
8464
10513
10514
30995
22803
8467
10516
30997
22805
8469
8470
10519
31000
8473
22810
8479
8480
8486
26920
22824
26921
26931
8500
8501
26934
8504
26938
22843
8507
22846
8511
8515
8520
8525
8538
8543
8562
8563
8564
8565
8575
8576
8577
8578
8580
8583
20998
21017
21029
21032
21033
21036
39472
21040
39474
39476
39478
39483
21051
39484
33347
21067
39500
33365
33367
33371
39516
33375
21092
21093
33382
33388
21106
39539
21110
21114
39555
33411
39558
39568
39569
39572
33438
33442
33451
33465
35528
33484
33485
35544
35560
35569
35571
35573
35574
35578
35591
35593
35598
35612
35628
35631
35632
35634
6963
35636
35638
6967
35643
35644
6981
6984
6987
35660
6988
6991
6999
7001
7003
35676
7004
7006
7009
7012
7019
7022
35699
7035
35715
7045
35718
7049
35728
35729
7059
35732
7063
7064
7071
7075
7078
7082
7085
7086
7088
39861
7093
7096
7097
7101
39877
7111
7112
7120
39889
39891
39892
39894
39897
9184
7136
7137
39906
9189
7141
9192
7144
9193
9197
7149
39919
7154
9207
9208
7160
9215
7168
39944
39945
9228
9229
9233
39955
9235
7187
39958
9239
7193
39962
9243
9248
5152
5154
5155
5158
9255
5161
7214
7215
5167
7216
5168
7217
5169
5171
9271
5175
5179
9277
7230
7231
7233
7234
5186
7236
5188
7239
5191
9298
9299
9300
9301
5208
5210
37984
37986
9314
9315
37988
9317
37990
9318
9320
9322
37995
37996
5231
9328
17522
5234
17525
9333
5238
17528
9336
9337
38012
9341
5247
17537
5250
17539
5253
17542
17543
9351
9352
17546
17547
5259
38028
9360
5264
5265
17554
5268
17557
17559
17560
17563
5276
5277
17566
17567
9376
9377
38051
17571
9381
9384
17577
17578
17579
17581
9389
17582
17584
9394
38067
17589
38070
9400
17594
66752
38080
9408
38081
66754
17602
17603
66756
38084
17605
66758
17606
17610
66763
66764
17615
17619
9427
17620
66776
17624
9433
17627
17631
17634
66788
15589
17639
23786
17643
17644
17645
17646
9454
9455
9456
9457
15606
66807
23806
9470
9471
9473
9474
9476
15621
66823
15623
9479
15625
66826
15628
23824
15632
9488
66836
66837
9493
66840
23833
9497
15643
23836
9501
23839
23840
23846
9511
9512
15659
23862
23864
23870
34112
9536
34115
34116
15684
34117
15685
34119
38216
34120
23884
34127
15695
34128
15698
34132
34135
15703
38232
9560
23900
23903
34144
34145
34148
34150
38248
34153
34154
34159
54640
38257
54643
38259
54644
34164
54645
38261
34165
91510
38262
54647
54648
34168
9593
38266
34170
34171
34174
54655
54656
54659
34180
54661
38279
91529
38281
34186
54668
54669
38286
9614
34191
54672
54673
9617
54675
34195
54676
91541
34197
54680
91545
34201
91547
54684
38300
54685
91551
34207
9631
54688
34208
54689
34209
9633
54690
34210
91555
54692
34212
9636
54697
38316
91565
54702
34222
38319
34223
9648
34225
34226
54707
34228
9652
9654
54711
34231
9655
54713
91578
34235
9659
54717
34238
54723
9667
54724
9668
54725
54726
54728
9674
54738
91603
54739
91604
54741
54742
54744
9688
9689
54746
54748
9693
54751
9696
91618
9701
91622
91626
9706
9712
9718
9734
9739
9758
9759
9760
9761
9774
9775
9777
9778
9780
9783
22168
22192
22209
22213
22216
22221
22226
22240
22259
38664
22287
22288
38680
22302
22306
22311
38696
22320
38705
38707
38709
22325
38710
22329
38714
22333
38727
22343
22344
38729
38734
38748
22368
32616
38764
38767
32632
22392
32648
32657
32659
32661
32662
22425
32666
32679
32681
32686
22446
22449
32700
22463
22465
22468
32716
32719
22485
32728
38880
38882
38884
38886
22502
32744
38891
38892
22517
22519
32760
22521
38908
22524
)


// ************************************************************************* //
