/*--------------------------------*- C++ -*----------------------------------*\
| =========                 |                                                 |
| \\      /  F ield         | OpenFOAM: The Open Source CFD Toolbox           |
|  \\    /   O peration     | Version:  2506                                  |
|   \\  /    A nd           | Website:  www.openfoam.com                      |
|    \\/     M anipulation  |                                                 |
\*---------------------------------------------------------------------------*/
FoamFile
{
    version     2.0;
    format      ascii;
    arch        "LSB;label=32;scalar=64";
    class       cellSet;
    location    "constant/polyMesh/sets";
    object      twoInternalFacesCells;
}
// * * * * * * * * * * * * * * * * * * * * * * * * * * * * * * * * * * * * * //


256
(
36352
34816
31232
29696
21504
36353
31234
29698
34819
21507
36360
38921
37897
36361
37898
38923
31248
29712
37905
37906
31250
29714
28690
28691
34840
21528
38937
28698
38939
34843
28699
21531
38976
37440
32320
31296
30272
38977
32321
31297
37442
30274
38984
32328
31304
38985
32329
31305
28745
27721
23113
28746
27722
23115
37456
30288
28753
27729
37458
30290
28754
27730
22098
22099
23129
22106
23131
22107
39049
32393
29833
28297
26249
22153
28298
22154
39051
32395
29835
26251
28305
22161
28818
28306
27794
22162
28819
27795
39065
32409
29849
26265
28826
27802
39067
32411
29851
28827
27803
26267
39104
38592
28352
39106
38594
28354
28873
27849
27850
28875
39120
38608
28368
27857
40658
39122
38610
32466
28370
27858
21202
40659
32467
21203
28889
40666
32474
21210
40667
32475
28891
21211
30976
30464
28928
28929
30978
30466
28936
35593
28937
25865
25866
35595
30992
30480
25873
33042
30994
30482
25874
33043
35609
33050
35611
33051
38208
37696
31040
30528
30016
28992
24896
38209
31041
37698
30530
30018
28994
24899
38216
31048
40777
38217
33097
31049
33098
40779
37712
30544
30032
29008
33105
37714
33106
30546
30034
29010
22866
22867
24920
40793
22874
40795
24923
22875
28544
24960
24448
24961
24450
28547
24968
38793
33161
31113
24969
21897
33162
21898
38795
31115
24464
33169
21905
33170
27538
24466
21906
27539
28568
38809
31129
27546
38811
31131
28571
27547
29632
20928
29633
20930
29640
38857
29641
28617
22985
22473
38858
28618
22986
22474
20944
38865
28625
22993
22481
38866
28626
22994
22482
21970
20946
21971
21978
21979
)


// ************************************************************************* //
