/*--------------------------------*- C++ -*----------------------------------*\
| =========                 |                                                 |
| \\      /  F ield         | OpenFOAM: The Open Source CFD Toolbox           |
|  \\    /   O peration     | Version:  2506                                  |
|   \\  /    A nd           | Website:  www.openfoam.com                      |
|    \\/     M anipulation  |                                                 |
\*---------------------------------------------------------------------------*/
FoamFile
{
    version     2.0;
    format      ascii;
    arch        "LSB;label=32;scalar=64";
    class       faceSet;
    location    "constant/polyMesh/sets";
    object      nonOrthoFaces;
}
// * * * * * * * * * * * * * * * * * * * * * * * * * * * * * * * * * * * * * //


1642
(
20480
61441
20483
20485
20486
20488
61454
20495
20496
53268
53269
20502
53282
20516
61476
20517
61477
53286
20519
20521
53290
20524
20528
61490
20532
61494
53303
61498
20539
94272
94273
94274
94275
94276
53317
94278
61511
20555
94283
94284
94285
94286
94288
20561
94289
53331
94292
61525
94298
94300
53341
94301
94302
94303
53344
73824
73825
94305
53346
73826
20579
61539
20580
53348
73828
94308
20581
73829
20582
73830
94312
53353
73835
73836
94316
61549
73837
73838
94318
20591
20592
61552
73840
20593
73841
94321
20594
61554
73842
20596
61556
20599
53367
73847
73848
53369
61561
73850
53373
73853
94334
94339
73860
73861
73862
94342
61575
73863
53384
61577
73865
73866
94346
61581
73870
94353
94355
94356
94357
94358
73879
61592
73882
73883
94363
53404
73885
73886
53407
94367
94368
73889
94369
94370
94372
73893
73895
94375
73898
61612
73900
94380
94381
61615
73903
73908
73909
73912
73916
73917
73918
73919
73920
73922
73923
73924
73925
73926
73931
73932
73935
73937
73944
73945
73947
73948
73949
73950
73953
73956
73957
73959
73960
73961
73962
73966
73970
73975
73979
73981
73985
73991
73992
73993
73994
73996
74003
74004
74005
74006
74008
74010
74012
74015
90400
94496
90403
94499
90405
94501
90406
94502
94504
90409
90415
94511
90416
94512
53555
94517
90422
53567
94528
94529
94531
90436
94532
90437
94534
90440
53577
94537
53579
90443
53580
94540
53582
90447
336
53585
94546
90451
53592
90456
90461
94559
53602
356
94565
90474
90479
94583
53624
94584
53625
94585
94586
380
90498
53635
90499
94595
90500
94596
90501
94597
53638
94598
94600
53642
94602
90511
90512
90513
90514
90516
53653
90519
53665
421
426
429
53677
53685
53687
53689
53690
53694
41410
41415
53707
53709
41425
53713
41426
41428
41429
41430
41435
53724
41439
41443
53740
41453
41455
53743
41456
41458
41460
41465
41478
41479
41481
41482
41485
41489
41496
41501
41516
41517
41518
41519
53875
53887
53897
53899
53900
53902
53905
53912
53922
53944
53945
53955
53958
53962
53973
90848
53985
90851
90853
90854
90857
53997
90863
90864
54005
90870
54007
54009
54010
54014
769
90884
90885
90888
54027
90891
54029
90895
54033
90899
792
90904
54044
90909
90922
54060
813
54063
90927
54067
54079
90946
95042
90947
90948
90949
54089
54091
54092
54094
90959
90960
54097
90961
95057
90962
95059
90964
95062
90967
54104
857
95065
862
95071
865
54114
90978
95075
90993
90994
95090
90997
54136
91000
54137
91006
54147
91011
54150
95110
54154
95114
913
95123
54165
91031
95135
54177
936
95149
54189
95150
91058
62388
54197
91062
54199
54201
54202
957
91069
54206
62403
91081
54219
54221
62413
62416
54225
62417
62420
62424
54236
91100
91101
62433
91106
1001
54252
1006
62446
54255
1009
91121
54259
91123
91126
91129
54271
91135
91139
62468
62469
54281
54283
54284
54286
54289
62482
91154
17427
62486
54296
17434
62490
1057
54306
17445
91174
17447
62503
17450
91178
17452
17453
17459
91187
62517
1080
17464
54328
54329
17470
91199
54339
62531
54342
17481
54346
17483
17484
1101
62541
91213
17486
91214
17488
62544
91216
58449
62546
91219
62548
17493
54357
91221
91222
91224
62553
91228
58461
58462
91231
58464
91232
54369
17506
58466
17507
17509
91237
17510
58471
62567
62569
17514
58474
91244
54381
62573
17519
91248
91249
91251
91252
54389
58486
91254
54391
17528
62584
1145
54393
91257
54394
91260
17533
1150
54398
1153
91266
91272
58506
54411
17548
62604
17549
54413
17550
58510
91278
17551
62607
91279
54417
66707
91284
58517
91285
91288
66714
54428
58527
66725
66727
91303
91304
91305
91306
66731
54444
58541
58542
66734
54447
66735
58544
1201
58546
54451
91315
58548
91316
91317
58550
66742
91318
91320
91322
58555
58556
66748
54463
66756
1224
58568
54473
54475
54476
54478
54481
66769
66771
58580
66772
66775
54488
66778
1245
66784
54498
79075
79077
58599
66798
66799
79087
66801
79089
66802
66806
58615
54520
54521
79097
58618
66811
79099
79100
79101
79102
79105
54531
58628
66820
58629
79109
54534
79111
58632
79112
1289
66825
79113
54538
79114
1294
79118
58640
1297
79122
58643
54549
58646
58649
66843
79131
66844
66845
79133
66846
58655
58656
54561
79137
79144
79145
79148
54573
58672
79155
54581
79158
54583
54585
54586
79162
79164
54590
79167
58688
79169
1346
79173
54603
54605
79181
79182
79184
54609
79185
79186
58707
1367
79191
79194
54620
79197
79205
58726
79206
79207
58729
79209
79210
54636
79214
54639
54643
58740
58741
58744
79226
79227
79229
79230
1407
54655
58752
79233
58755
79237
1414
58758
58760
54665
54667
1420
54668
79244
54670
58767
79247
1424
58768
91536
54673
91539
91541
91542
54680
91545
79260
79261
79262
79263
91551
58784
91552
54690
91558
58796
91572
91573
54712
91576
54713
91579
91583
54723
91587
58821
54726
91592
54730
91597
54741
58839
58842
91610
91615
54753
58852
58853
58856
54765
58864
58866
91634
91635
58868
91636
54773
91637
58870
54775
54777
54778
58875
58876
54782
91647
91648
91649
91650
91652
91655
58888
54795
54797
54801
58900
54812
42530
34340
58919
54828
54831
34355
54836
58935
58938
34365
34368
34369
54851
34372
58948
58949
34376
58952
42570
54861
54864
34385
54865
58961
54868
54872
58973
34398
58974
58976
54881
42594
58978
58983
58986
54894
34420
34421
58998
34434
54916
54917
34438
42630
42632
34442
59018
42637
59022
54930
59029
54934
54938
59039
54951
59053
59054
42671
54965
59061
59073
42691
54979
54989
59085
54992
54994
54996
59093
59095
55001
59097
59098
59102
55015
55017
59115
55021
59117
42734
91888
59121
91890
91891
91892
42742
91894
55032
91899
42748
59132
91900
91903
42752
91912
91913
91915
55052
59148
91916
91918
55055
59151
59152
91921
59154
55059
59156
91924
59158
91928
59163
59164
55071
91938
50980
91943
59176
55081
55083
55084
55086
55089
50996
59188
91959
55096
91960
91961
91962
51009
55106
91971
51012
91972
91973
51014
91974
59207
91976
51018
91978
51023
91984
91987
91989
91990
59223
55128
55129
91993
51034
59226
91999
92000
55139
59236
59237
55142
92006
59240
51050
55146
59249
92020
55157
92021
92024
92027
59261
59262
92031
51072
59264
51073
59266
55171
92035
59271
92040
59274
92045
51086
51090
14227
55187
59286
51095
14234
92058
55197
55199
92063
55202
55204
14245
14247
55209
14250
59306
14252
14253
59310
92082
14259
92083
92084
59317
92085
55223
14264
55225
55229
14270
59327
92095
92096
92097
92098
92100
92103
55240
14281
14283
14284
59341
14286
59342
14288
59344
59346
59348
14293
59350
55259
59355
59356
55262
14306
14307
14309
14310
59368
14314
14319
59380
14328
14333
59399
14348
14349
14350
14351
59415
59418
59428
59429
59432
92336
92338
92339
92340
92342
92347
92348
92351
92360
92361
92363
92364
92366
92369
92372
92376
92386
92391
92407
92408
92409
92410
92419
92420
92421
92422
92424
92426
92432
92435
92437
92438
92441
92447
92448
92454
92468
92469
92472
92475
92479
92483
92488
92493
92506
92511
92530
92531
92532
92533
92543
92544
92545
92546
92548
92551
55747
55759
55769
55771
55772
55774
55777
55784
55794
55816
55817
55827
55830
55834
55845
55857
55869
55877
55879
55881
55882
55886
55899
55901
55905
55916
92784
92786
92787
92788
92790
92795
55932
92796
55935
92799
55939
92808
92809
92811
92812
92814
55951
92817
92820
92824
55961
55963
55964
55966
55969
92834
92839
55976
55986
92855
92856
92857
92858
92867
92868
92869
92870
56008
92872
56009
92874
56019
56022
56026
56037
56049
56061
56069
56071
56073
56074
56078
60179
56091
56093
60192
56097
56108
60205
60207
60209
60212
60216
56124
56127
60225
56131
60238
56144
56157
56159
56161
56164
60260
60261
56168
60271
56177
60274
60279
56190
60293
60307
56212
56213
23450
23453
56223
56226
60323
56231
23466
23469
60333
60335
60338
60340
56245
60345
23485
23489
56259
60359
60361
60365
23505
56275
23509
60376
23513
23515
23517
56285
56287
23520
56290
23524
56292
56297
23531
60395
60398
23541
23543
56311
56313
23546
23548
56317
23555
56328
23561
56347
56350
56355
56368
56381
56383
93248
56385
93251
56388
93253
93254
56392
93257
93263
93264
56401
93270
56414
93284
93285
93288
93291
93295
93299
56436
56437
93304
93309
56447
56450
56455
93322
93327
56469
93346
56483
93347
93348
93349
93359
93360
93361
93362
56499
93364
93367
56509
56511
56514
56516
56521
56535
56537
56541
56552
60660
56571
56574
52483
60675
60685
52495
60688
60689
60692
60696
52505
52507
52508
52510
52513
60705
52520
60718
52530
60740
60741
52552
52553
60754
52563
52566
60758
52570
60762
52581
60775
52593
60789
52605
60803
52613
52615
52617
52618
60813
52622
60816
60818
60820
60825
52635
52637
93600
52641
93602
93603
93604
93606
60839
60841
93611
52652
93612
60845
93615
19891
60856
93624
93625
19898
93627
52668
93628
93630
52671
93633
93636
19909
19911
93640
19914
19916
60876
19917
60879
93650
19923
93655
19928
19934
93671
93672
19945
93673
93674
19947
19948
19950
19952
93683
93684
19957
93685
93686
93688
93690
93696
19970
19971
56835
93699
19973
93701
19974
93702
93705
19978
19983
93711
56848
93712
93718
19992
19997
56861
56863
56865
56868
93732
93733
56872
93736
93739
20012
20013
20014
20015
93743
56881
93747
93752
93757
56894
93770
93775
56916
56917
56927
56930
93794
93795
93796
93797
56935
93807
93808
93809
93810
93812
56949
93815
56963
56979
56989
56991
56994
56996
57001
57015
57017
57021
57032
57051
57054
57060
57076
57089
77569
77571
57092
57094
57098
77581
77582
57103
77583
77584
77586
77591
77593
57114
77594
77595
77596
77598
77601
77606
77608
57130
77618
77626
77630
57152
57153
77637
77640
77641
57166
77647
57170
77651
77654
57175
77658
77661
77662
77664
94048
77666
94050
77667
94051
77668
94052
77670
94054
57191
77675
94059
77676
94060
77679
94063
57207
77688
94072
77689
94073
77691
94075
77692
94076
77694
94078
77697
94081
77700
94084
77704
94088
57225
77714
94098
57237
77719
94103
57240
57243
57246
57252
77735
94119
77736
94120
77737
94121
77738
94122
57267
77747
94131
77748
94132
57269
77749
94133
77750
94134
77752
94136
57273
77754
94138
53188
57284
53203
61396
57307
53213
57310
53216
53217
61411
53220
53224
61421
61424
53233
61425
61428
61432
53246
)


// ************************************************************************* //
