/*--------------------------------*- C++ -*----------------------------------*\
| =========                 |                                                 |
| \\      /  F ield         | OpenFOAM: The Open Source CFD Toolbox           |
|  \\    /   O peration     | Version:  2506                                  |
|   \\  /    A nd           | Website:  www.openfoam.com                      |
|    \\/     M anipulation  |                                                 |
\*---------------------------------------------------------------------------*/
FoamFile
{
    version     2.0;
    format      ascii;
    arch        "LSB;label=32;scalar=64";
    class       cellSet;
    location    "constant/polyMesh/sets";
    object      twoInternalFacesCells;
}
// * * * * * * * * * * * * * * * * * * * * * * * * * * * * * * * * * * * * * //


272
(
36864
30208
25600
30209
36866
25603
30216
41993
32265
30217
23561
22537
41994
32266
23562
22538
36880
42001
32273
23569
22545
42002
36882
32274
31762
23570
23058
22546
22034
31763
23059
22035
25624
31770
23066
22042
31771
25627
23067
22043
42048
36928
22080
42049
36929
22082
42056
36936
42057
36937
31817
30281
23113
31818
30282
23114
22096
31825
30289
23121
32338
31826
30290
23122
22610
22098
32339
22611
32346
22618
32347
22619
42112
31872
24704
23168
21632
42113
31874
24706
21634
23171
42120
42121
22665
22667
31888
24720
21648
31890
24722
21650
23192
22681
23195
22683
42176
25792
23744
42178
25795
23747
31945
27337
24777
23241
31946
23242
27339
24779
42192
31953
23249
42194
31954
23250
22738
21714
22739
21715
25816
23768
27353
24793
22746
21722
27355
25819
24795
23771
22747
21723
44288
32000
30464
25856
23808
22784
22272
30465
23809
44290
32002
25858
22786
22275
30472
23816
42249
30473
27401
23817
42250
27402
44304
32016
25872
22800
42257
27409
44306
42258
32018
27410
25874
22802
22296
22299
44352
32064
30528
25920
23360
22848
22336
44353
32065
23361
22337
30530
25922
22851
44360
32072
23368
22344
44361
32073
24393
23369
22345
24395
30544
25936
30546
25938
22872
24409
24411
22875
37248
31104
30592
25984
23424
22912
25985
22913
37250
31106
30595
23427
25992
22920
44425
25993
24457
22921
44426
24458
37264
31120
44433
24465
44434
37266
31122
24466
23954
22418
23955
22419
30616
23448
23962
22426
30619
23963
23451
22427
41920
31168
30656
24000
23488
22976
22464
41921
24001
31170
30658
22466
23491
22979
41928
24008
41929
24009
31184
30672
22480
31186
30674
25554
22482
25555
23512
23000
25562
25563
23515
23003
)


// ************************************************************************* //
