/*--------------------------------*- C++ -*----------------------------------*\
| =========                 |                                                 |
| \\      /  F ield         | OpenFOAM: The Open Source CFD Toolbox           |
|  \\    /   O peration     | Version:  2506                                  |
|   \\  /    A nd           | Website:  www.openfoam.com                      |
|    \\/     M anipulation  |                                                 |
\*---------------------------------------------------------------------------*/
FoamFile
{
    version     2.0;
    format      ascii;
    arch        "LSB;label=32;scalar=64";
    class       faceSet;
    location    "constant/polyMesh/sets";
    object      nonOrthoFaces;
}
// * * * * * * * * * * * * * * * * * * * * * * * * * * * * * * * * * * * * * //


1020
(
51200
51203
51204
51205
51208
51215
51216
51219
51228
51229
51232
51233
51236
51240
51244
51249
51262
51267
51283
51284
51285
51286
51298
51299
51301
51302
51304
51306
55424
55427
55429
55432
55439
55440
10384
10387
10389
10390
10393
55452
10399
10400
4256
4259
4260
4261
10406
4264
55468
4271
4272
4275
10420
10421
10424
10427
4284
4285
10431
6336
4288
4289
55491
10435
6339
6340
4292
6341
10440
6344
4296
4300
10445
6351
6352
4305
55507
6355
55510
10458
6364
6365
4318
10463
6368
6369
55523
4323
6372
55525
55528
6376
6380
6385
10482
10483
4339
10484
4340
10485
4341
4342
6398
10495
10496
10497
10498
4354
6403
4355
10500
4357
4358
10503
4360
4362
6419
6420
6421
6422
6434
6435
6437
6438
6440
6442
37216
37219
37220
37224
37227
37235
37236
37237
37240
37244
37247
37255
37256
37259
37272
37275
2464
2468
2472
2475
18864
37297
18867
2483
18868
2484
37301
18870
18871
37305
18875
37315
18883
18884
18885
37318
18887
37321
18890
18891
2508
37327
18895
37332
37333
18902
37336
18904
18905
18908
37341
18909
37342
18912
2528
51684
18917
18922
18928
80370
51699
18931
18934
80376
51709
2557
51712
80385
51713
80387
51716
80390
18950
80392
51720
80393
18955
18958
80399
51729
18962
2578
80403
2581
80408
18971
51742
18974
18975
18976
2592
80417
18977
2593
80418
80419
2596
80421
80422
18985
80426
18990
18991
18993
18994
51764
18996
51765
80438
80439
18999
80441
80442
19004
19005
80446
51778
80451
51782
51786
80460
80463
6740
80476
6748
80477
80478
80479
55908
6761
6764
6769
55923
6772
6773
55933
6782
55936
55937
55940
6788
55944
6796
55953
6809
6812
6813
55966
6817
6820
6828
55988
55989
6845
6846
6848
6849
56002
80579
56006
6854
80583
80586
56010
6859
6868
80597
80600
6873
80603
80604
80606
80607
80615
80617
80619
6891
80620
6892
6893
80622
6894
80624
80625
80628
80633
80635
80636
80638
80639
80640
80646
80651
80661
80662
80664
80665
80670
80675
80679
80680
80684
80687
11056
80691
11060
80694
11063
11064
80698
11067
80700
80701
80702
80703
11075
11076
11084
11100
11101
72544
11104
72547
11107
72550
11111
72552
11115
72559
72560
39792
11120
39796
39799
11127
39802
72576
39811
39812
11143
72588
11149
39828
11170
11171
9123
39844
11172
72613
11173
11183
11184
11185
11186
11188
9141
72631
11191
9143
72634
9146
9148
39873
9155
72644
72645
9159
72648
39891
39894
9176
39907
39909
39912
9205
9209
52224
9217
52227
52229
52232
9229
52239
52240
52252
9245
9246
52268
46128
46130
46131
46132
46134
46139
46140
46143
52291
46152
46153
46155
46156
46158
46161
52307
46164
52310
46168
46178
52323
52325
46183
52328
46199
46200
46201
46202
46211
46212
105605
46213
46214
105608
46216
46218
105622
105626
50336
50340
105637
50342
50343
105640
50346
105643
105646
105647
11440
105651
50355
11443
50356
11445
11446
105657
50361
11449
105659
105661
105662
11455
105664
11456
50372
105669
50373
11461
50376
50377
105674
50380
50384
11472
11473
105683
50388
11476
105685
11478
11481
105690
50395
11484
11488
105699
105700
11492
105704
50411
11502
105711
87281
50417
105714
11507
87285
105719
105723
87293
105726
87294
87296
13568
87297
87298
50435
13571
50436
50437
13573
50438
11526
87303
11527
13576
11528
11529
87306
87309
13583
13584
50450
50451
11539
11540
87317
50453
11541
87318
50454
11542
87319
50456
11544
87321
87322
50458
11546
87326
13600
87338
87339
87341
87342
87345
13620
87349
87356
87359
70976
70980
70983
70986
87372
87373
87374
87375
13647
70995
70996
13663
13666
71012
13679
13681
71028
13684
71057
71075
71078
71091
71093
71096
87488
87491
87493
87494
87496
87503
87504
54736
54738
54739
54740
87509
54742
54747
54748
87520
54752
9696
87521
87523
9699
87524
9700
87526
9702
9703
87529
9706
9707
87532
54764
54765
54767
54769
87538
9715
54772
9716
9717
9719
54776
9721
9722
54780
9724
9725
87551
54785
9731
9732
87557
9733
9736
9737
9739
54798
9742
9743
3600
54803
9747
42516
3604
3606
87575
3607
87576
9752
87577
9753
87578
3610
9755
9756
9757
9758
9760
87587
54819
42531
3619
87588
54820
3620
87589
54821
9765
87590
54822
87592
3625
87594
9770
42541
54831
9775
54832
42544
54833
42545
54834
9778
9779
54836
42548
3636
9781
3637
9782
54839
42552
3640
3641
9786
3644
9791
3648
42561
9794
9795
9796
3652
9797
9800
3659
9805
42574
9810
9811
9813
9814
9816
9818
3675
9820
9821
9822
9823
3681
42596
42597
42610
3699
3700
3701
42614
3702
42618
3714
3715
3717
3718
3720
3722
50848
50851
50852
50853
50856
50863
54960
50864
11952
11955
54964
50868
11957
54966
11958
54967
11961
54970
11967
50880
11968
50881
54979
54980
50884
11973
50886
54985
50890
50895
11984
11985
54996
50900
11988
54997
11990
55000
55001
11993
50906
55004
11996
55008
12000
55012
12004
50922
55019
12014
50927
12019
55035
50943
50944
55041
50945
50946
12038
12039
12040
12041
50958
50959
24336
50961
50962
55059
24339
12051
55060
50964
24340
12052
55061
12053
55062
12054
50967
24343
24344
12056
24346
12058
24347
44832
55074
44834
55075
44835
24355
44836
24356
55077
24357
55078
44838
55080
24360
55082
44843
24363
44844
24364
24366
44847
24367
3887
5936
5940
5942
24375
5943
44856
24376
44857
24377
5946
44859
24379
44860
24380
44862
24382
40768
24384
18240
44865
24385
18242
18243
5955
3907
44868
40772
24388
18244
5956
18245
40775
18247
44872
24392
18248
24393
5961
40778
24395
24396
24398
24399
18255
24400
18256
18257
44882
18258
40787
18259
40788
18260
5972
18261
5973
24406
18262
44887
3927
5976
5977
24411
18267
18268
5980
18269
18271
18272
5984
24417
18273
18275
40804
18276
5988
24421
24422
44903
44904
24424
18280
44905
24425
44906
5995
18284
18285
24430
18287
18288
18289
18290
44915
24435
44916
40820
18292
44917
44918
24438
24439
44920
24440
24441
18297
44922
6011
24444
18302
24447
6017
24451
18307
24452
24453
24454
18310
3974
18311
24456
3976
18313
24458
18314
3978
24460
24461
18317
24462
24463
40849
18321
18323
6035
18324
6036
18325
6037
18326
6038
18328
18333
18338
6050
40867
18339
6051
18341
6053
40870
18342
6054
18344
6056
18346
6058
4011
18348
18349
18350
18351
40883
40885
40888
4027
4043
4086
4088
4090
)


// ************************************************************************* //
