/*--------------------------------*- C++ -*----------------------------------*\
| =========                 |                                                 |
| \\      /  F ield         | OpenFOAM: The Open Source CFD Toolbox           |
|  \\    /   O peration     | Version:  2506                                  |
|   \\  /    A nd           | Website:  www.openfoam.com                      |
|    \\/     M anipulation  |                                                 |
\*---------------------------------------------------------------------------*/
FoamFile
{
    version     2.0;
    format      ascii;
    arch        "LSB;label=32;scalar=64";
    class       cellSet;
    location    "constant/polyMesh/sets";
    object      twoInternalFacesCells;
}
// * * * * * * * * * * * * * * * * * * * * * * * * * * * * * * * * * * * * * //


288
(
53248
48128
47104
53249
48129
47106
53256
48136
53257
52233
48137
52234
47120
52241
52242
47122
52288
51264
47168
52290
51266
47171
53321
48201
53322
48203
52304
51280
53329
53330
52306
51282
47192
48217
48219
47195
48256
48258
53385
52361
43145
52362
43146
53387
48272
52369
43153
52370
51346
48274
43154
51347
53401
51354
53403
51355
53440
48320
43200
43201
53442
48322
43208
43209
53456
48336
53458
48338
48393
48395
53522
53523
48409
53530
53531
48411
53568
49472
48448
49473
53570
48451
49480
49481
53584
53586
48472
48475
53632
50560
49536
53635
50563
49539
48521
48522
48529
48530
53656
50584
49560
53659
50587
49563
53696
51648
50624
47552
50625
53698
51650
47555
50632
50633
46537
46538
53712
51664
46545
53714
51666
46546
47576
47579
53760
51712
47616
53761
51713
47618
53768
51720
53769
51721
46601
46603
47632
47634
46617
46619
51776
47680
51777
47682
51784
53833
52809
51785
53834
52810
47696
53841
52817
53842
52818
47698
53888
51840
50816
47744
50817
53890
51842
47746
50824
50825
53904
51856
47760
53906
52882
51858
47762
52883
52890
52891
53952
50880
47808
45760
53953
47809
45762
50883
53960
47816
53961
51913
47817
51915
45776
45778
50904
51929
51931
50907
54016
51968
54017
51970
54024
54025
51984
51986
47890
47891
47898
47899
54080
53056
52032
49984
47936
45888
54081
53058
52034
49986
45890
47939
54088
54089
51017
44873
51019
44875
53072
52048
50000
45904
53074
52050
50002
45906
47960
51033
44889
51035
47963
44891
54144
53120
52096
48000
45952
43904
53121
45953
54146
52098
48002
43907
53128
45960
53129
50057
45961
50059
54160
52112
48016
54162
52114
51090
48018
51091
43928
50073
51098
51099
50075
43931
53184
48064
43968
53185
43969
48066
53192
43976
53193
43977
48080
52178
48082
52179
52186
52187
)


// ************************************************************************* //
