/*--------------------------------*- C++ -*----------------------------------*\
| =========                 |                                                 |
| \\      /  F ield         | OpenFOAM: The Open Source CFD Toolbox           |
|  \\    /   O peration     | Version:  2506                                  |
|   \\  /    A nd           | Website:  www.openfoam.com                      |
|    \\/     M anipulation  |                                                 |
\*---------------------------------------------------------------------------*/
FoamFile
{
    version     2.0;
    format      ascii;
    arch        "LSB;label=32;scalar=64";
    class       faceSet;
    location    "constant/polyMesh/sets";
    object      nonOrthoFaces;
}
// * * * * * * * * * * * * * * * * * * * * * * * * * * * * * * * * * * * * * //


3202
(
20482
20487
32784
32785
32798
32802
32807
53328
53331
53334
53337
53343
53344
53363
53364
53383
53384
53399
53407
53426
53429
98496
53440
53441
98498
98499
98500
53444
98502
53446
53448
53450
98507
98508
98511
98520
98521
98523
98524
98526
98529
98532
98536
102642
98546
98551
28927
102657
102659
102662
98567
98568
102665
98569
98570
102671
102675
98579
28947
98580
98581
98582
98584
98586
102690
98605
106803
28980
102710
102714
28986
82238
106816
98624
28992
102723
28996
106829
106831
102735
106833
106836
98645
106840
82267
102749
102750
102752
106849
102754
102755
102756
102757
102758
102760
102761
102763
82283
102764
106862
102767
102769
102772
102773
29046
102776
102777
98681
102779
102780
102781
102782
98686
102784
102785
98689
102786
70018
106884
102788
106885
102789
102791
70023
102792
102793
102794
82314
29066
102796
82316
102797
102798
70030
106895
102800
82321
70033
106898
102802
70034
102804
70037
102806
106903
102807
70039
70040
102809
29081
102811
29084
102813
29086
70046
102815
102816
98720
102817
98721
102818
98722
29090
98723
49571
70051
102820
98724
98725
102822
98726
102823
29095
102824
102825
70057
102826
49578
102827
98731
102828
98732
106925
98733
98734
98736
102833
98737
49585
70066
102835
98739
102836
98740
29108
102837
49589
70069
102838
70071
102840
49592
70072
102841
102842
98746
70075
102844
98748
49596
106941
98749
98750
49598
70078
102847
98751
49599
102848
98753
102851
98755
98756
70084
102853
49605
102854
70086
29127
49607
98760
102857
49611
98764
98765
106958
98766
102863
98767
102864
49616
98769
98770
70098
70099
98772
70101
102870
49622
70102
98777
49625
70105
49627
49628
70109
98782
49631
29152
49632
29153
98787
102884
70116
102885
98790
49638
70118
98791
102888
70120
98793
70121
98794
102891
106989
98797
70125
29166
102895
98801
106994
29170
102899
98803
98804
106997
98805
49653
98806
49654
29175
102904
98808
49656
49657
98811
70139
70140
102909
49661
70141
49662
70142
98815
98816
98817
98818
49666
49667
98820
49669
98823
102922
98827
98828
49676
98829
98830
102927
49679
107024
21008
107025
107026
21011
107028
107029
107030
21014
107032
21016
107033
107035
107036
49692
107037
49693
107038
49694
21023
49695
107040
21024
107041
107042
102946
102947
107044
102948
107045
102949
107047
107048
107050
107053
102959
107056
102960
21040
102961
107058
102962
107060
102964
107061
107062
107063
102967
107065
107066
107068
21052
107069
107070
107072
107076
107078
107079
102984
107081
102985
107082
107083
107085
107086
107087
107088
107089
107090
107092
107093
21077
107094
107095
102999
103000
107098
107099
107100
107103
107105
107108
107109
103015
21095
107112
107113
103017
21098
107116
107117
107118
107119
29296
53872
107122
21108
29300
107125
21109
29302
103031
29303
107128
103032
21112
29306
103036
103040
107137
53889
103042
107139
29315
29316
103045
107142
107143
29321
107146
107147
103051
103052
103054
103056
107154
103058
29332
107157
29333
53909
107159
103063
107160
29336
29337
107163
29340
103069
107166
107167
29344
107171
29348
103077
107177
107178
107179
29355
107181
107182
107184
78514
107189
53945
107194
29371
53950
29377
53953
107202
107203
107205
107206
107210
107215
107219
78547
29395
107220
29396
29397
29398
107224
107227
107231
99040
107234
29410
99043
29411
99044
29413
99046
29414
107239
99047
78567
29416
99050
29418
107243
99051
107244
107245
107246
99056
29424
66288
99059
29427
99060
29428
66292
99061
66294
99063
29431
66295
99066
29434
66298
99067
29435
99070
99071
66303
29443
66307
99076
29444
66308
29445
99078
29447
99080
99081
66313
78602
29450
99084
78604
29452
99085
29453
99088
66320
78609
29459
99092
29460
66324
99093
66325
29464
66328
66329
99098
99100
66332
29470
99104
66336
99105
99107
99108
66340
99110
99111
29480
29481
99114
29483
66347
29484
29486
99120
29488
66355
29493
99126
66362
99131
66363
99134
99135
29503
66368
99137
66369
99138
29506
29507
66372
99141
29509
99142
29510
99146
29514
99147
99149
99150
99151
29519
99152
99153
29522
66387
99156
66388
29525
66389
66390
29528
99161
29533
99166
99167
99169
99170
66402
29539
66403
99172
29541
66405
66406
99175
29544
66408
66410
107371
99179
107372
99180
29548
99181
29549
99182
29550
29551
29558
107387
107388
29578
107403
107405
107416
107417
29593
107420
29596
29598
107424
107426
29602
107429
29607
107435
107436
107439
107441
107444
29620
107451
62400
107457
29639
107465
62417
41938
29664
29665
41953
41955
62437
41959
41963
29678
66544
29682
41970
66548
29687
41975
66551
66552
66555
66559
66563
66564
62473
41994
66571
62478
62481
66579
66584
66585
66588
66590
66593
42018
66596
42022
66600
66606
42031
66612
107576
66618
42043
66619
66624
66625
66628
107594
42060
42061
66646
66647
66648
66649
107614
66659
66660
66661
66662
66664
107625
66666
107627
107630
107632
107637
107651
107653
107658
103570
103572
103575
107672
103578
103581
103582
103585
103586
103587
103588
103589
103590
103591
103594
107691
103595
103597
107694
103599
103600
103601
103603
103604
103606
103608
103610
103611
103613
103615
103616
38080
103617
103618
38082
38083
70851
103620
38085
103622
38086
38087
38088
103625
70857
103626
103627
103629
103630
103631
38095
38096
103633
38097
70866
38099
103636
38101
70869
103638
38102
103639
38103
70871
103640
38104
103641
103642
70874
70875
70876
103645
103647
38111
25824
38112
103649
38113
38114
38115
70883
103652
25828
38116
103653
38117
25830
38118
25831
70887
103656
103657
38121
103658
25834
103659
70891
103660
38124
103661
38125
103662
38127
103664
38128
103665
103666
38130
25843
38131
70899
25844
38132
70901
103670
103671
25848
70904
70905
103674
25850
38138
103675
103676
25852
70908
103677
103678
70910
103679
25855
38143
29955
38149
70917
25863
70919
25864
25865
38153
29962
38154
25868
38156
25869
38157
25870
25871
38161
25874
25875
29973
38165
70933
70934
25879
29975
38167
38168
70936
38169
70937
38170
25883
29979
25884
38172
70941
29982
29983
38175
70945
25890
38179
25892
38180
38181
25894
29990
38182
38184
70952
25897
38186
70954
29996
38188
70956
38189
70957
38190
38191
70961
25907
30004
25911
70972
25917
70973
70974
70975
30017
30019
30020
30023
30026
25935
25936
30032
25937
25938
25950
30046
25951
30047
25953
30049
25954
30050
25956
25958
30054
25959
25960
25962
30059
25967
30068
30073
66944
66947
66949
66950
66953
30091
30092
30093
30094
66959
66960
66966
99744
99747
66979
66980
99749
66981
99750
66984
99753
66987
99757
99759
66991
99760
17840
17843
66995
17844
99765
17847
66999
67000
17850
17851
99773
67005
99776
99777
17859
99780
17860
17861
99782
17863
67015
99785
67018
17867
99788
99790
17870
17871
67023
99792
87506
99796
17878
87511
17879
17880
17884
99806
87521
87522
67042
99811
67043
17892
67044
87525
67045
87527
87528
99821
87534
17903
67055
17904
67056
17905
67057
99826
67058
87539
17907
17908
67060
99829
99830
67062
99831
17911
58871
67063
99832
67064
99833
87545
17914
67066
17920
99843
17923
26115
99844
99845
87557
99846
87559
58887
99848
87560
99850
26122
87563
17931
87566
17934
17935
17937
17938
87572
26133
58901
17942
26135
17947
26139
58909
17950
26142
26143
58912
17953
87586
87587
58915
17956
58916
87589
87590
26150
87593
17961
58922
26156
87597
17967
17969
87604
17972
26164
17974
17976
87609
17978
58938
17979
17980
58940
17981
17982
26177
58945
26179
26180
26183
26186
87627
87628
58956
87629
87630
26192
54867
58972
26206
26207
58975
26209
26210
54885
26214
54887
54890
26219
54892
54899
26228
54903
26233
104064
104065
104066
83586
104068
104070
104071
104072
54920
104073
104074
104075
26251
104076
26252
104077
26253
104078
26254
104080
83601
104082
99986
104083
83603
104084
104085
104086
83606
104087
104088
83608
104090
26266
104095
83615
104096
100001
104098
83618
104099
100003
104100
54949
104102
100007
54953
104107
100011
104108
104109
26286
104111
83631
104112
104113
54961
100018
104115
104116
104117
104118
104119
100023
104120
104121
104122
104124
54973
104126
104127
104128
104130
104131
104132
26308
104133
104134
104135
83657
104138
100042
104139
104141
83661
54989
104142
54990
104143
104144
104145
26321
104146
104148
26324
104149
83669
104151
26327
104152
104153
26330
104155
104157
104158
83679
26336
100066
108259
100070
108266
108269
83693
83694
100079
26351
67312
26353
108274
67315
108277
67317
26358
108280
67320
100091
108284
108286
108287
67327
67328
108289
26372
108294
108295
108299
100108
67340
100109
108304
100112
108306
100115
100116
100117
108311
100120
108313
100122
108315
100123
26395
108316
100124
67356
100125
26398
108319
100127
108320
100128
26400
108322
100132
26404
108326
26406
108327
26407
108329
100138
26410
100139
108332
100140
100141
108334
100144
100145
108338
26419
67379
100148
26420
108341
108342
100150
108343
108344
108345
100154
26426
100157
108350
100158
100159
108352
100160
100161
108355
67395
100164
67398
26440
26441
100170
108364
26444
108365
108366
26446
108367
108368
100177
108370
100178
26450
100179
67411
100181
67413
108375
26455
100184
67416
100185
100186
108379
100187
108380
100188
26460
108381
100189
108382
100190
108383
100191
100192
100193
100196
26468
100199
100200
100202
100203
100204
100206
100207
100208
100209
100210
100211
100213
100215
26487
100218
100219
100220
10108
26493
100222
100223
38784
100225
100226
100227
100228
38788
100229
38789
100231
38792
100233
38793
38796
38797
26511
26512
38800
26513
10130
26514
38805
38807
38808
38809
38812
26526
26527
38816
26529
38817
26530
26532
38820
38821
10150
26535
38824
38829
38830
38832
10161
38833
38836
10165
38837
10168
38840
10170
38844
38845
38848
10177
38850
38853
38856
38857
38860
38861
108496
38864
38865
108498
10194
108499
10196
38868
108502
108504
38872
108505
10202
38876
55260
38877
108511
108512
108513
38881
108515
38883
38884
108518
38886
108520
10216
108521
38889
38890
38893
38894
108527
38895
55279
108528
88048
38896
38897
108531
88052
88054
38902
88055
108536
38904
88059
38907
10236
38910
10239
38911
108544
38912
108545
38913
108546
108547
88067
88068
38916
108549
38917
108550
38919
88073
38921
108554
38922
38924
38926
38927
38929
38930
108563
38931
55315
88084
38932
88085
108566
108567
38935
108569
88089
38937
108570
55322
88091
38939
38940
38941
108574
38942
88095
38944
55328
108579
88099
38948
55332
38949
108582
88104
38952
108585
38953
108588
88109
38957
108591
38960
38961
38962
38963
108596
108597
38965
38966
38967
108600
38968
38969
88122
108604
38972
108605
108606
108607
88127
38976
63552
38977
63555
63556
38981
63557
38984
63560
38985
38986
38987
38989
38990
38991
63567
38992
63568
38993
88146
88147
63571
88148
38996
88149
38997
39000
63580
39005
63581
79968
39008
63584
39009
63585
88162
39010
88163
79971
39011
79972
63588
88165
79973
39013
88166
39014
39015
88168
79976
39016
63592
88170
39020
63596
79983
79984
39024
63601
79987
39032
39033
39034
39035
79996
79997
39037
39038
63614
39039
80000
39040
80001
39041
39042
39043
63619
80004
39044
39045
39046
39047
80008
39048
39049
39050
39051
80012
39052
39053
39055
80017
39057
39059
63635
39060
63636
63637
63638
39063
39064
39065
39067
39068
80030
39070
39071
39072
39073
108706
63650
80035
39075
63651
39077
63653
39078
63654
39079
108712
39080
63656
39081
39082
63658
39083
39084
39085
39086
39087
108721
39089
39090
108723
80051
39091
80052
39092
80053
39093
80054
39094
108727
39095
39096
39097
108730
39098
108731
39100
39101
55489
108738
80066
80067
80069
55493
80070
108743
80072
80074
55501
108750
55502
55505
55507
55508
108761
108762
55514
108763
108766
55518
108768
55523
108773
55533
55534
55535
108786
35058
55538
108787
55540
108789
35061
108790
55545
108794
108799
35073
35075
35077
35078
55558
55559
108808
35080
55561
55562
108811
55565
35087
35089
55569
35090
35091
35092
35094
55576
35097
108827
55579
108828
108829
108830
35103
35106
22824
55595
55596
55597
55598
35119
22840
35129
35133
35141
22856
35144
35145
35151
100688
22865
22867
35155
100692
22869
100694
22870
35158
100695
100698
22874
35162
100699
35165
35166
35170
100707
100708
22887
35176
22889
100714
100718
22894
35185
88434
35187
35190
88439
100728
35192
100729
35193
22908
100733
35199
100736
88449
88451
35203
100740
100741
88454
88455
88456
35208
100746
22924
88463
22927
100752
63888
72080
100753
35217
88466
35218
35219
100756
63892
72084
108949
88469
22933
35221
100758
35222
63894
72086
100759
63895
72087
108952
100762
35226
63898
72091
88477
88479
63903
100768
88480
88483
63907
72099
88484
63908
72100
108965
22949
100774
35238
35239
108968
35241
63913
72105
88490
35242
100779
35246
100783
27056
63920
108977
100785
22961
22963
35251
108980
22964
27060
63924
72116
63925
72117
108982
100790
22966
27063
108984
27064
63928
108985
88505
22969
63929
72121
88506
27067
72123
108988
88508
35260
63932
88509
100798
100799
35263
72127
100800
63936
108993
100801
88513
22978
108995
27075
72131
108996
100804
27076
63940
108997
88517
108998
72136
109002
63947
88524
27084
35276
35277
72141
109006
100814
35278
100815
88527
22991
35279
100817
100818
63955
100820
109015
100823
109017
63962
72154
100827
63963
88540
27100
88541
27101
109022
100830
88542
88543
72159
27104
63968
63969
27107
63972
109031
27111
109032
23016
23017
27115
109036
27120
72178
109043
23027
63987
72179
63988
72180
63989
72181
109046
23030
63990
27127
109050
23034
109052
109055
64002
72194
64003
72195
64005
72197
64006
72198
27143
64008
72200
64010
72202
27149
72209
72221
72222
72225
27170
27171
27172
72228
27173
72234
72238
27183
27184
27185
27186
27188
27191
72254
88656
88658
88660
88662
72278
72282
88667
88668
100960
72289
100963
100964
100965
100967
100968
88680
100970
72299
100973
100975
100976
100979
88692
100981
100983
100986
100988
72316
100989
72317
100992
100993
100995
100996
100998
88711
101000
101002
101004
101005
101008
101009
101010
101012
101014
88727
101017
101018
88730
101021
101022
101023
101025
101027
101028
88740
88741
101031
101032
88744
101033
101037
101039
101043
101044
101045
101046
101048
101049
101051
101054
101056
101058
101059
101061
101062
101063
101064
101066
19146
101067
101068
19150
101071
19152
101074
101080
101082
101086
19168
101089
101091
19173
101095
19175
101098
101099
101101
101105
64241
101106
64245
19190
101111
19194
19196
64253
101118
64254
101121
19201
64257
64259
19204
64260
101126
19208
101129
101130
19210
64266
101131
101134
19214
64270
101136
19216
19217
101138
64275
19220
101141
101142
101145
19225
101147
19227
101149
64285
64286
19231
64287
101152
101154
19234
64290
101155
101156
19236
64292
101157
101158
19239
19240
64297
101162
19242
19243
101164
19245
101167
19248
31536
56113
31540
64310
19255
31543
64311
101176
19256
31544
101177
64313
101178
31546
64314
101179
31547
101180
52028
19261
56125
64317
101182
56126
35648
56129
64321
101187
31555
35651
31556
56132
19269
35653
35654
35656
64328
101193
56138
101195
19275
64331
101196
31564
101197
101198
19278
56142
35663
52047
31568
35664
39762
35669
39768
64347
31580
64348
31581
64349
56158
64350
31584
35680
35681
39777
31587
35683
39779
35684
31590
35686
31591
39783
35689
39786
31595
39787
35692
80752
31600
31601
35698
39794
80755
52083
31604
80757
56182
31607
39799
80760
31608
31610
52090
56186
39806
80767
35711
80768
52096
31617
56193
52100
35717
31623
39817
39818
39819
56203
80780
31629
39822
39824
31634
31636
39829
35735
35736
35737
31642
35738
80796
56220
56221
97184
31650
39842
97187
31651
35747
39843
31652
35748
97189
31653
35749
39845
97190
35750
39846
31656
35752
97193
35754
39850
97199
31663
39855
97200
31664
31665
31666
80819
31668
97206
31671
39864
31675
39867
31678
80835
97220
109509
97221
80838
97224
97227
39883
39884
101325
39885
39886
97231
109521
97235
80851
80853
97240
80856
109533
101341
97245
27619
109541
109543
109545
109546
97258
27626
109550
101358
97263
27637
27639
109563
27643
76796
109565
27646
27647
109569
97282
97283
97284
97285
27654
27655
105482
109580
27660
76812
101389
97295
97296
97297
101394
97298
97300
27668
101397
97303
109596
109599
27679
105504
27681
27683
27684
27687
76840
27690
76846
27696
27699
76852
105526
76856
27710
27711
105537
27713
27714
105540
27718
105544
105546
27723
105553
27732
27737
105570
105572
27750
27752
105578
27754
27755
27756
27757
27758
27766
105592
27786
105611
105614
27801
27804
27806
27810
27815
27828
27847
60624
60627
60629
60632
77020
60639
27872
60640
27873
77036
60652
27886
27890
27895
60668
77064
77070
97552
97555
60691
77076
97557
97558
109848
97560
77080
109853
97567
97568
60707
97573
60710
109864
109869
97584
97585
97587
60723
97588
60725
97590
109880
60728
97593
97596
101693
109886
109889
97602
109891
109893
109894
109898
60748
97615
101712
97621
109911
109913
109917
109918
60767
109922
109925
101733
97639
97640
97641
97642
109932
97651
97652
97653
97654
97656
97658
109948
109951
97664
60803
97668
109957
97671
97672
101769
60810
97675
101774
97679
60816
109969
101777
97683
97684
60820
97692
109981
109989
97702
109991
109993
109994
97708
97709
109998
97712
97715
97719
110011
97723
110013
97728
60864
110017
32194
60867
60869
60870
97735
32200
60872
110028
97743
60879
60880
32209
32211
97750
60886
97751
32215
32218
32219
110044
97756
97757
110047
97760
32226
60900
110053
60901
32231
60903
110056
60905
110058
60908
110062
32238
60912
97778
97779
97780
60916
97781
110070
32249
110074
32250
32251
60923
110077
32254
97791
97792
32256
110081
97793
97794
97796
110085
32261
97799
110088
110091
60939
110094
110095
110097
60945
32274
110099
32275
32277
110102
32278
110105
32282
110107
110109
110110
32287
110112
110114
60963
60964
110117
60965
110118
60966
32296
110121
110122
110123
32299
110125
60975
110128
60976
101937
60977
60978
110131
110132
60980
110133
101943
60983
110138
101946
32315
110140
32316
101949
32317
101950
32318
101952
60992
101954
110147
101955
60995
110148
60997
101958
60998
101959
110152
61000
110153
110154
101962
110156
110158
110159
101967
61007
61008
110162
110163
101971
101974
61014
110167
110169
110171
101979
110174
101983
101985
101987
61028
101989
61029
61031
101992
61033
101994
101996
61036
101998
61040
102003
61044
102005
61051
102013
102014
102015
102016
102018
102023
102027
61067
102029
102030
61073
61091
61092
61093
61094
61103
61104
61105
61106
61108
61111
110290
65234
65239
65246
110305
65249
65250
110307
65253
110310
65255
65256
110313
65262
110319
20208
110323
20211
65267
20212
20215
65273
20218
20219
28413
98048
110338
98050
28418
65282
98051
20227
98052
20228
20229
65285
98054
20231
65287
65288
98059
20235
65291
98060
20238
65294
98063
20239
28433
65300
110358
20246
28438
65302
98072
20248
98073
110362
98075
98076
20252
98078
102177
98081
28450
65314
110371
102179
65315
98084
20260
102181
65317
65318
102183
28455
98088
65321
102186
102189
65325
102190
110383
102192
20272
102193
20273
98098
28466
102195
20275
102196
20276
65332
102198
65334
98103
20279
28471
65336
102201
28473
65337
102202
20282
28476
110397
102205
65341
110398
102206
28478
102207
110400
20288
102209
110402
28482
110403
102211
61251
110404
102212
110406
102214
98119
28487
102216
98120
98121
102218
98122
110411
20299
65355
110412
65356
102221
65357
102222
20302
65358
110415
102223
20303
28496
61264
102225
20305
102226
20306
98131
102228
98132
98133
102230
98134
20310
110424
98136
110425
102233
102234
98138
110427
20315
110428
102237
28509
61277
110430
102238
20318
28510
102239
61279
98144
28512
110433
102241
20321
61281
28514
98147
110436
102244
20324
61284
98149
102246
98150
102247
28519
110440
102248
61288
102249
98153
20329
102250
28523
102253
102255
98159
20335
98160
28528
102257
20337
61297
110450
28531
102260
20340
102261
28533
98166
28534
110455
102264
28536
102265
102266
28538
102267
20347
28539
102268
20348
20349
28541
102270
20350
28542
61310
102271
28543
28544
102274
102275
98180
98181
20358
28550
110471
102279
110472
98184
110473
102281
110474
102283
98187
102284
102285
28557
102286
28558
98191
28560
28561
110483
98195
110484
28564
61332
110485
28565
61333
110486
28567
110488
98200
28569
110490
20378
28572
98205
28574
28575
61343
28576
28577
28578
61346
28580
32678
61351
20393
98218
28587
20396
20398
98223
28593
20402
28594
28596
28598
20407
28600
28601
32698
28603
28604
28605
28606
28607
28609
98242
28610
98243
28611
98244
20420
98245
28615
32713
28619
28620
32716
28622
32718
98255
28623
98256
28624
98257
98258
28626
32722
28627
98260
28628
28629
28630
98263
20439
28631
32727
28633
28634
28636
28637
28638
28639
28640
28641
28642
28643
28644
32740
28645
28647
28649
20464
20465
32759
20478
)


// ************************************************************************* //
