/*--------------------------------*- C++ -*----------------------------------*\
| =========                 |                                                 |
| \\      /  F ield         | OpenFOAM: The Open Source CFD Toolbox           |
|  \\    /   O peration     | Version:  2506                                  |
|   \\  /    A nd           | Website:  www.openfoam.com                      |
|    \\/     M anipulation  |                                                 |
\*---------------------------------------------------------------------------*/
FoamFile
{
    version     2.0;
    format      ascii;
    arch        "LSB;label=32;scalar=64";
    class       cellSet;
    location    "constant/polyMesh/sets";
    object      twoInternalFacesCells;
}
// * * * * * * * * * * * * * * * * * * * * * * * * * * * * * * * * * * * * * //


264
(
18441
18442
18449
22546
18450
22547
22554
22555
20544
19520
18496
20545
19522
18498
20552
20553
16457
5193
16458
5194
19536
18512
16465
5201
19538
18514
16466
5202
34944
18560
17536
16512
18561
34946
17538
16514
18568
18569
11401
11402
34960
17552
16528
11409
34962
17554
16530
11410
18624
8384
192
18626
8387
195
18640
18642
8408
216
8411
219
13568
11520
11521
13570
11528
20745
18697
17673
11529
20746
18698
17675
13584
20753
18705
20754
18706
13586
17689
17691
37193
18761
18762
37195
18769
18770
37209
37211
18816
15744
12672
18817
12673
15747
18824
12680
18825
12681
15768
15771
28096
18880
11712
28097
18882
11715
28104
28105
18896
18898
11736
11739
28169
15881
28170
15882
28177
15889
36370
28178
21010
18962
15890
13842
11794
36371
21011
18963
13843
11795
36378
21018
18970
13850
11802
36379
21019
18971
13851
11803
21065
14921
11849
21066
14923
11851
21073
21074
14937
11865
14939
11867
16000
16003
11913
11914
11921
17042
11922
17043
16024
17050
17051
16027
18112
17088
11968
17089
18114
11970
17096
17097
18128
11984
18130
16082
11986
16083
16090
16091
19200
19202
39689
15113
39690
15115
19216
39697
39698
19218
18194
18195
15129
18202
18203
15131
19264
18240
14144
19265
18242
14147
19272
23369
19273
17225
23371
17227
18256
18258
14168
23385
17241
23387
17243
14171
18304
16256
13184
16257
13185
18306
16264
13192
23433
19337
17289
16265
15241
13193
23434
17290
19339
15243
18320
23441
17297
23442
18322
17298
19353
15257
19355
15259
16320
16321
16328
22473
18377
16329
18378
22475
18385
18386
17362
13266
17363
13267
22489
17370
13274
22491
17371
13275
)


// ************************************************************************* //
