/*--------------------------------*- C++ -*----------------------------------*\
| =========                 |                                                 |
| \\      /  F ield         | OpenFOAM: The Open Source CFD Toolbox           |
|  \\    /   O peration     | Version:  2506                                  |
|   \\  /    A nd           | Website:  www.openfoam.com                      |
|    \\/     M anipulation  |                                                 |
\*---------------------------------------------------------------------------*/
FoamFile
{
    version     2.0;
    format      ascii;
    arch        "LSB;label=32;scalar=64";
    class       cellSet;
    location    "constant/polyMesh/sets";
    object      underdeterminedCells;
}
// * * * * * * * * * * * * * * * * * * * * * * * * * * * * * * * * * * * * * //


624
(
19460
24582
19463
18441
18442
19468
19471
18449
22546
18450
22547
19476
24598
19479
22554
22555
19484
24606
19487
19488
19489
19490
19491
19500
19503
24624
24625
24627
19509
19510
19512
19513
19514
19515
20544
19520
18496
20545
19522
18498
19525
18502
20552
20553
16457
5193
16458
5194
19533
19536
18512
16465
5201
19538
18514
16466
5202
19541
18518
18526
19560
19562
19563
18544
18545
18547
34944
18560
17536
16512
18561
34946
17538
16514
53382
16518
18568
18569
11401
11402
34960
17552
16528
11409
34962
17554
16530
11410
53398
16534
53406
16542
53424
16560
53425
16561
53427
16563
18624
8384
192
18626
8387
195
51396
14532
56517
18629
56518
51399
51404
14540
56525
18637
56526
51407
31951
18640
18642
51412
56533
18645
56534
51415
31959
8408
216
8411
219
51420
14556
56541
56542
51423
31967
51424
14560
51425
51426
14562
51427
14563
56548
56551
56552
18664
56553
56554
18666
56555
18667
51436
51439
56560
56561
56562
56563
51445
51446
51448
51449
31993
51450
31994
51451
31995
56573
56574
13568
11520
11521
13570
52485
13573
52486
15622
11528
20745
18697
17673
11529
20746
18698
17675
52493
13581
52494
13584
20753
18705
20754
18706
13586
52501
13589
52502
15638
17689
17691
52509
52510
15646
52516
52519
52520
13608
52521
52522
13610
52523
13611
52528
15664
52529
15665
52530
52531
15667
52541
52542
35141
37193
18761
18762
37195
35149
37199
18769
18770
35157
37207
37209
37211
37215
35176
35178
35179
37241
37242
37243
18816
15744
12672
18817
12673
15747
36228
32133
18824
12680
18825
12681
36236
32141
32149
15768
15771
36252
36256
36258
36259
32168
32170
32171
28096
18880
11712
28097
18882
11715
18886
28104
28105
33231
18896
18898
18902
33239
11736
11739
18910
33247
18928
18929
18931
33273
33274
33275
12800
12801
12802
55812
12805
12808
28169
15881
12809
28170
15882
12810
55820
12813
12816
28177
15889
12817
36370
28178
21010
18962
15890
13842
12818
11794
36371
21011
18963
13843
11795
12821
36378
21018
18970
13850
11802
36379
21019
18971
13851
11803
55836
55840
55842
55843
12840
12842
12843
12846
14916
19013
19014
21065
14921
11849
21066
14923
11851
14924
19021
19022
11855
21073
21074
19029
19030
11863
14937
11865
14939
11867
14940
19037
19038
11871
14944
14946
14947
19044
19047
19048
19049
19050
19051
19056
19057
19058
19059
11897
11898
11899
19069
19070
16000
8832
8833
16003
8835
8836
8840
11913
8841
11914
8843
8844
11921
17042
11922
17043
16024
8856
8857
17050
17051
16027
8859
8860
8864
8866
8867
8870
18112
17088
14016
11968
17089
18114
14018
11970
14019
11974
17096
17097
18128
14032
11984
18130
16082
14034
11986
16083
14035
11990
14040
16090
14042
16091
14043
11998
12016
12017
12019
14068
19200
14080
14081
19202
14082
51972
9988
14085
19206
51975
14088
39689
15113
14089
39690
14090
15115
51980
9996
14093
51983
19216
14096
39697
14097
39698
19218
18194
14098
18195
51988
14101
19222
51991
15129
18202
18203
15131
51996
10012
19230
51999
52000
10016
52001
52002
10018
52003
10019
14120
14122
14123
52012
14126
52015
19248
19249
19251
52021
52022
52024
52025
52026
52027
19264
18240
14144
19265
18242
14147
54085
18245
54086
19272
23369
19273
17225
23371
17227
54093
18253
54094
18256
18258
54101
18261
54102
14168
23385
17241
23387
17243
14171
54109
54110
54116
54119
54120
18280
54121
54122
18282
54123
18283
54128
54129
54130
54131
54141
54142
18304
16256
13184
16257
13185
18306
15236
27525
18309
16264
13192
23433
19337
17289
16265
15241
13193
23434
17290
19339
15243
15244
27533
18317
19343
18320
23441
17297
23442
18322
17298
27541
18325
19351
19353
15257
19355
15259
15260
19359
15264
15266
15267
27560
18344
27562
18346
27563
18347
19385
19386
19387
16320
16321
16328
22473
18377
16329
18378
22475
18385
18386
17362
13266
17363
13267
22489
17370
13274
22491
17371
13275
)


// ************************************************************************* //
